1.000000
0.955569
0.955569
0.937622
0.937622
0.937622
0.937622
0.937622
0.937622
0.937622
0.937622
0.933563
0.933563
0.905215
0.905215
0.901756
0.895841
0.891351
0.890490
0.875513
0.875513
0.875513
0.875513
0.875513
0.875513
0.875513
0.875513
0.865619
0.865619
0.865619
0.865619
0.865619
0.822245
0.822245
0.822245
0.822245
0.822245
0.800374
0.797960
0.797960
0.797960
0.792846
0.768897
0.768897
0.747450
0.747450
0.747450
0.747450
0.715451
0.715451
0.714511
0.714511
0.675680
0.672938
0.672938
0.643487
0.633203
0.619148
0.598686
0.575706
0.571595
0.571486
0.571486
0.571486
0.557932
0.557932
0.557932
0.557932
0.557842
0.549097
0.549097
0.549097
0.549097
0.539282
0.537647
0.532862
0.532862
0.524267
0.521490
0.521486
0.507712
0.505353
0.505353
0.496491
0.482583
0.474283
0.474283
0.451943
0.445547
0.445547
0.444559
0.443943
0.443943
0.443943
0.443943
0.437670
0.437020
0.435572
0.414173
0.414173
0.414173
0.414173
0.414178
0.414178
0.414178
0.386702
0.386702
0.386702
0.386702
0.386702
0.378929
0.377880
0.377880
0.377241
0.377241
0.371752
0.371752
0.371283
0.369223
0.369223
0.369223
0.369223
0.369223
0.369223
0.369221
0.369221
0.366990
0.366852
0.366852
0.366852
0.366090
0.366090
0.365563
0.360972
0.359630
0.359391
0.359391
0.346952
0.346952
0.346952
0.346952
0.346937
0.346937
0.340997
0.334877
0.334488
0.319568
0.319568
0.319568
0.318909
0.318909
0.318909
0.315849
0.315849
0.314791
0.314766
0.314766
0.314542
0.314542
0.305361
0.305361
0.304493
0.304493
0.304493
0.304493
0.300654
0.300654
0.297517
0.297517
0.297517
0.296702
0.296702
0.296702
0.295205
0.295205
0.295205
0.295205
0.295103
0.295103
0.289478
0.271376
0.271376
0.271376
0.271352
0.271352
0.270196
0.270196
0.270196
0.263131
0.263131
0.263131
0.263131
0.261847
0.255372
0.255372
0.255372
0.255372
0.255372
0.255372
0.255372
0.253959
0.251017
0.251017
0.251017
0.251017
0.251017
0.247364
0.247364
0.239954
0.239954
0.239954
0.239753
0.239753
0.239753
0.238710
0.238710
0.238710
0.238408
0.238408
0.233181
0.228480
0.228043
0.228043
0.228043
0.221439
0.221439
0.221439
0.221439
0.221439
0.219574
0.219574
0.219574
0.219571
0.214667
0.214667
0.214667
0.214667
0.214667
0.214667
0.214667
0.214667
0.214667
0.214667
0.213050
0.213050
0.212905
0.212905
0.212905
0.212905
0.207366
0.203111
0.201012
0.201012
0.201012
0.201012
0.199930
0.199930
0.199930
0.199930
0.199930
0.199930
0.199930
0.199930
0.199930
0.199941
0.199941
0.186596
0.186596
0.185983
0.185983
0.185983
0.185983
0.185983
0.185983
0.185729
0.185729
0.185729
0.185729
0.185729
0.185729
0.184525
0.184525
0.184336
0.184114
0.179329
0.178893
0.178893
0.178893
0.178893
0.178893
0.178893
0.178541
0.178474
0.178474
0.178474
0.178248
0.178248
0.178248
0.178248
0.176257
0.176257
0.176257
0.176257
0.176257
0.175915
0.175915
0.175571
0.175571
0.175571
0.171313
0.171223
0.171223
0.171041
0.169382
0.169382
0.169382
0.169349
0.169349
0.169349
0.169349
0.169349
0.169349
0.169349
0.169349
0.169349
0.169349
0.166269
0.166269
0.166269
0.166269
0.166269
0.166269
0.166276
0.148569
0.148526
0.148526
0.148526
0.148526
0.147513
0.147513
0.145106
0.145106
0.145106
0.145106
0.145106
0.145106
0.145106
0.140769
0.139998
0.139998
0.139607
0.139596
0.138494
0.138494
0.138494
0.138494
0.138494
0.138494
0.138494
0.138494
0.138494
0.138494
0.138494
0.138494
0.138494
0.138494
0.138494
0.138494
0.138494
0.138494
0.138494
0.138494
0.138494
0.138494
0.138494
0.138494
0.138494
0.138494
0.138494
0.138494
0.138494
0.138494
0.138494
0.138494
0.138494
0.138494
0.138494
0.138494
0.113588
0.105806
0.105806
0.104516
0.104336
0.104336
0.104336
0.104336
0.104336
0.104336
0.104336
0.104336
0.104336
0.104336
0.104336
0.104344
0.103711
0.103669
0.103670
0.103670
0.103670
0.103670
0.103670
0.103670
0.103670
0.101244
0.101244
0.101244
0.101244
0.101244
0.101244
0.101244
0.101243
0.101243
0.101243
0.101243
0.100883
0.100883
0.100883
0.100883
0.097047
0.097021
0.097018
0.096855
0.096857
0.096857
0.096769
0.096769
0.096654
0.096654
0.096654
0.096654
0.096654
0.096654
0.096654
0.096654
0.096654
0.096654
0.096383
0.096387
0.096387
0.095370
0.095370
0.095333
0.095333
0.095041
0.094293
0.094293
0.094029
0.094029
0.094029
0.094029
0.094029
0.092781
0.092781
0.092781
0.092685
0.092685
0.092685
0.092284
0.092284
0.092284
0.092284
0.092284
0.092284
0.092284
0.091283
0.091283
0.091283
0.091283
0.091283
0.091283
0.091283
0.091283
0.091283
0.091283
0.091251
0.091189
0.091189
0.091112
0.091112
0.091112
0.091112
0.091112
0.091112
0.083071
0.083071
0.083071
0.083071
0.082294
0.082294
0.081405
0.076927
0.076927
0.076928
0.076928
0.076928
0.076928
0.076928
0.076864
0.076864
0.076864
0.076575
0.076575
0.074345
0.074345
0.073042
0.073042
0.073042
0.073042
0.073042
0.068538
0.068538
0.068538
0.068538
0.068538
0.068538
0.068538
0.068538
0.068538
0.068509
0.068243
0.068243
0.068129
0.068129
0.068129
0.068129
0.068129
0.066220
0.066220
0.066212
0.066212
0.066212
0.066212
0.066212
0.066212
0.066212
0.066212
0.066212
0.066212
0.066212
0.066212
0.066212
0.066212
0.066212
0.066212
0.066212
0.066212
0.066212
0.066212
0.066212
0.066212
0.066212
0.066212
0.066212
0.066212
0.066212
0.066212
0.066212
0.066212
0.066212
0.066212
0.066212
0.066212
0.066212
0.066212
0.066212
0.066212
0.066212
0.066212
0.066212
0.066212
0.066212
0.066212
0.066212
0.066212
0.066212
0.066212
0.066212
0.062973
0.062973
0.061979
0.061979
0.061979
0.060277
0.059709
0.059709
0.059709
0.057967
0.055090
0.055090
0.055090
0.054748
0.054748
0.054073
0.054011
0.054011
0.045581
0.045581
0.045581
0.045581
0.045581
0.045581
0.043862
0.043862
0.043862
0.043862
0.043862
0.043862
0.043862
0.042073
0.042073
0.042073
0.042073
0.042073
0.042041
0.041806
0.040228
0.040228
0.040228
0.039333
0.039333
0.039333
0.039281
0.039281
0.039281
0.039281
0.039281
0.039281
0.039281
0.039281
0.039281
0.039281
0.039281
0.039281
0.039281
0.039281
0.039281
0.039281
0.039281
0.039281
0.039242
0.038400
0.038400
0.038400
0.038400
0.038400
0.038400
0.038400
0.038400
0.038399
0.038399
0.038399
0.038399
0.038399
0.038399
0.038399
0.038399
0.038399
0.038399
0.038343
0.038343
0.038343
0.038343
0.038343
0.038335
0.038335
0.038335
0.038335
0.038223
0.038223
0.038223
0.038147
0.037551
0.037538
0.037535
0.037535
0.037535
0.037535
0.037423
0.037423
0.037423
0.037423
0.037423
0.037423
0.037423
0.037423
0.037423
0.036843
0.036843
0.036843
0.036843
0.036843
0.036843
0.036843
0.036843
0.036750
0.036750
0.036750
0.036750
0.036750
0.036750
0.036750
0.036750
0.036750
0.036750
0.036750
0.036750
0.036750
0.036750
0.036750
0.036750
0.036750
0.036750
0.036750
0.036750
0.036750
0.036750
0.036750
0.036750
0.036750
0.036750
0.036750
0.036750
0.036750
0.036750
0.036750
0.036750
0.036750
0.036750
0.036750
0.036750
0.036750
0.036750
0.036750
0.036750
0.036750
0.036750
0.036750
0.036750
0.036750
0.036750
0.036750
0.036750
0.036750
0.036750
0.036750
0.036750
0.036750
0.036750
0.036750
0.036750
0.036750
0.036750
0.036750
0.036750
0.036750
0.036750
0.036750
0.036750
0.036750
0.036750
0.036750
0.036750
0.036750
0.036750
0.036750
0.036750
0.036750
0.036750
0.036750
0.036750
0.036750
0.036750
0.036750
0.036750
0.036750
0.036750
0.036750
0.036750
0.036750
0.036750
0.036750
0.036750
0.036750
0.036750
0.036750
0.036750
0.036750
0.036750
0.036750
0.036750
0.036750
0.036750
0.036750
0.036750
0.036750
0.036750
0.036191
0.036191
0.036191
0.036191
0.036191
0.036056
0.036056
0.036056
0.036056
0.036056
0.036056
0.036056
0.036056
0.036056
0.036056
0.036056
0.036056
0.036056
0.036056
0.036056
0.036056
0.036056
0.036056
0.036056
0.036056
0.036056
0.036056
0.036056
0.036056
0.036056
0.036056
0.036056
0.036056
0.036056
0.036056
0.036056
0.036056
0.036056
0.036056
0.036056
0.035613
0.035613
0.035613
0.035247
0.035247
0.035247
0.035247
0.035247
0.035247
0.035247
0.034813
0.034813
0.034813
0.034813
0.034769
0.034769
0.034769
0.033465
0.033465
0.030855
0.030855
0.030855
0.030855
0.030834
0.030469
0.030469
0.030469
0.030242
0.030242
0.030242
0.030242
0.030242
0.030242
0.030232
0.030227
0.030227
0.030227
0.029998
0.029998
0.029998
0.027584
0.027312
0.027312
0.027312
0.027312
0.027312
0.027312
0.027285
0.027285
0.027285
0.027285
0.027254
0.027254
0.027254
0.027254
0.027254
0.027254
0.027254
0.027254
0.027254
0.027254
0.027254
0.027254
0.027254
0.027254
0.027254
0.027254
0.027254
0.027254
0.027254
0.026914
0.026914
0.026914
0.026914
0.026914
0.026914
0.026914
0.026914
0.026807
0.026807
0.026782
0.026606
0.026606
0.026606
0.026606
0.026606
0.026606
0.026606
0.026173
0.026173
0.026173
0.026173
0.026085
0.026085
0.026085
0.026085
0.026085
0.025938
0.025938
0.025732
0.025732
0.025732
0.025716
0.025716
0.025716
0.025689
0.025689
0.025689
0.025689
0.025689
0.025689
0.024935
0.022453
0.022453
0.022453
0.022400
0.022345
0.021028
0.021028
0.021028
0.021028
0.021028
0.021028
0.021028
0.021028
0.020819
0.020819
0.019004
0.019004
0.019004
0.019004
0.019004
0.019004
0.019004
0.019004
0.019004
0.019004
0.019004
0.019004
0.019004
0.019004
0.019004
0.019004
0.018542
0.018157
0.018151
0.018151
0.018151
0.018151
0.018151
0.017893
0.017893
0.017893
0.017893
0.017893
0.017893
0.017893
0.017893
0.017893
0.017893
0.017893
0.017893
0.017893
0.017893
0.017893
0.017893
0.017893
0.017893
0.017893
0.017893
0.017893
0.017893
0.017893
0.017893
0.017893
0.017893
0.017893
0.017893
0.017893
0.017893
0.017893
0.017893
0.017893
0.017893
0.017893
0.017893
0.017893
0.017893
0.017893
0.017893
0.017893
0.017893
0.017893
0.017893
0.017893
0.017893
0.017893
0.017893
0.017893
0.017893
0.017893
0.017893
0.017753
0.017753
0.017753
0.017296
0.017296
0.017296
0.017296
0.017177
0.017177
0.017177
0.017177
0.017177
0.017177
0.017177
0.017177
0.017159
0.017159
0.017159
0.017159
0.017110
0.016929
0.016929
0.016929
0.016745
0.016745
0.016745
0.016745
0.016745
0.016280
0.016216
0.016216
0.016216
0.016197
0.016197
0.016197
0.016197
0.016197
0.015118
0.015118
0.014916
0.014916
0.014916
0.014916
0.014916
0.014916
0.014059
0.013964
0.013964
0.013964
0.013964
0.012984
0.012984
0.012981
0.012981
0.012981
0.012981
0.012981
0.012960
0.012960
0.012960
0.012960
0.012960
0.012960
0.012960
0.012960
0.012960
0.012960
0.012943
0.012943
0.012943
0.012943
0.012943
0.012943
0.012842
0.012821
0.012821
0.012821
0.012821
0.012821
0.012821
0.012821
0.012821
0.012263
0.012263
0.012263
0.011515
0.011515
0.011515
0.011515
0.011515
0.011515
0.011515
0.011220
0.011220
0.011220
0.011220
0.011220
0.011220
0.011220
0.011220
0.011183
0.011183
0.011174
0.011174
0.011174
0.011174
0.011174
0.011174
0.011174
0.011174
0.011174
0.011174
0.011174
0.011174
0.011174
0.011174
0.011174
0.010949
0.010949
0.010949
0.010949
0.010607
0.010607
0.010607
0.010309
0.010309
0.010271
0.010271
0.010265
0.010265
0.010264
0.010264
0.010264
0.010264
0.010264
0.010264
0.010264
0.010264
0.010264
0.010264
0.010264
0.010264
0.010264
0.010264
0.010264
0.010250
0.010209
0.010209
0.010209
0.010209
0.010099
0.010099
0.010099
0.009395
0.009395
0.009395
0.009395
0.009006
0.009006
0.009006
0.009006
0.009006
0.009006
0.009006
0.009006
0.009006
0.009006
0.008618
0.008618
0.008618
0.008618
0.008618
0.008618
0.008618
0.008618
0.008618
0.008618
0.008618
0.008618
0.008618
0.008618
0.008618
0.008618
0.008618
0.008618
0.008618
0.008618
0.008618
0.008618
0.008618
0.008180
0.008159
0.008159
0.008159
0.008159
0.008159
0.007397
0.007382
0.007300
0.007300
0.007300
0.007300
0.007300
0.007300
0.007300
0.007300
0.007300
0.007300
0.007300
0.007300
0.007300
0.007300
0.007300
0.007300
0.007300
0.007300
0.007300
0.007300
0.007300
0.007300
0.007300
0.007279
0.007279
0.007237
0.007237
0.007237
0.007237
0.007237
0.007237
0.007237
0.007237
0.007237
0.007237
0.007237
0.007237
0.007237
0.007237
0.007237
0.007237
0.007237
0.007237
0.007237
0.007237
0.007237
0.007237
0.007237
0.007237
0.007237
0.007237
0.007237
0.007237
0.007237
0.007237
0.007237
0.007237
0.007237
0.007237
0.007237
0.007237
0.007237
0.007237
0.007237
0.007191
0.007191
0.007191
0.007191
0.007191
0.007191
0.007191
0.007191
0.007191
0.007191
0.007191
0.007191
0.007191
0.007191
0.007191
0.007191
0.007191
0.007191
0.007191
0.007191
0.007191
0.007191
0.007191
0.007191
0.007191
0.007191
0.007191
0.007191
0.007191
0.007191
0.007191
0.007191
0.007191
0.007191
0.007191
0.007191
0.007191
0.007191
0.007191
0.007191
0.007191
0.007191
0.007191
0.007191
0.007191
0.007191
0.007191
0.007191
0.007191
0.007191
0.007191
0.007191
0.007191
0.007191
0.007191
0.007191
0.007191
0.007191
0.007191
0.007191
0.007191
0.007191
0.007191
0.007191
0.007191
0.007191
0.007191
0.007191
0.007191
0.007191
0.007191
0.007191
0.007191
0.007191
0.007191
0.007191
0.007191
0.007191
0.007191
0.007191
0.007191
0.007191
0.007191
0.007191
0.007191
0.007191
0.007191
0.007191
0.007191
0.007191
0.007191
0.007191
0.007191
0.007191
0.007191
0.007191
0.007191
0.007191
0.007191
0.007191
0.007191
0.007191
0.007191
0.007191
0.007191
0.007191
0.007191
0.007191
0.007191
0.007191
0.007191
0.007191
0.007191
0.007191
0.007191
0.007191
0.007191
0.007191
0.007191
0.007191
0.007191
0.007191
0.007191
0.007191
0.007191
0.007191
0.007191
0.007191
0.007191
0.007191
0.007191
0.007191
0.007191
0.007191
0.007191
0.007191
0.007191
0.007191
0.007191
0.007191
0.007191
0.007191
0.007191
0.007191
0.007191
0.007191
0.007191
0.007191
0.007191
0.007191
0.007191
0.007191
0.007191
0.007191
0.007191
0.007191
0.007191
0.007191
0.007191
0.007191
0.007191
0.007191
0.007191
0.007191
0.007191
0.007191
0.007191
0.007191
0.007191
0.007191
0.007191
0.007191
0.007191
0.007191
0.007191
0.007191
0.007191
0.007191
0.007191
0.007191
0.007191
0.007191
0.007191
0.007191
0.007191
0.007191
0.007191
0.007191
0.007191
0.007191
0.007191
0.007191
0.007191
0.007191
0.007191
0.007191
0.007191
0.007191
0.007191
0.007191
0.007191
0.007191
0.007191
0.007191
0.007191
0.007191
0.007191
0.007191
0.007191
0.007191
0.007191
0.007191
0.007191
0.007191
0.007191
0.007191
0.007191
0.007191
0.007191
0.007191
0.007191
0.007191
0.007191
0.007191
0.007191
0.007191
0.007191
0.007191
0.007191
0.007191
0.007191
0.007191
0.007191
0.007191
0.007191
0.007191
0.007191
0.007191
0.007191
0.007191
0.007191
0.007191
0.007191
0.007191
0.007191
0.007191
0.007191
0.007191
0.007191
0.007191
0.007191
0.007191
0.007191
0.007191
0.007191
0.007191
0.007191
0.007191
0.007191
0.007191
0.007191
0.007191
0.007191
0.007191
0.007191
0.007191
0.007191
0.007191
0.007191
0.007191
0.007191
0.007191
0.007191
0.007191
0.007191
0.007191
0.007191
0.007191
0.007191
0.007191
0.007191
0.007191
0.007191
0.007191
0.007191
0.007191
0.007191
0.007191
0.007191
0.007191
0.007191
0.007191
0.007191
0.007191
0.007191
0.007191
0.007191
0.007191
0.007191
0.007191
0.007191
0.007191
0.007191
0.007191
0.007191
0.007191
0.007191
0.007191
0.007191
0.007191
0.007191
0.007191
0.007191
0.007191
0.007191
0.007191
0.007191
0.007191
0.007191
0.007191
0.007191
0.007191
0.007191
0.007191
0.007191
0.007191
0.007191
0.007191
0.007191
0.007191
0.007191
0.007191
0.007191
0.007191
0.007191
0.007191
0.007191
0.007191
0.007191
0.007191
0.007191
0.007191
0.007191
0.007191
0.007191
0.007191
0.007191
0.007191
0.007191
0.007191
0.007191
0.007191
0.007191
0.007191
0.007191
0.007191
0.007191
0.007191
0.007191
0.007191
0.007191
0.007191
0.007191
0.007191
0.007191
0.007191
0.007191
0.007191
0.007191
0.007191
0.007191
0.007191
0.007191
0.007191
0.007191
0.007191
0.007191
0.007191
0.007191
0.007191
0.007191
0.007191
0.007191
0.007191
0.007191
0.007191
0.007191
0.007191
0.007191
0.007191
0.007191
0.007191
0.007191
0.007191
0.007191
0.007191
0.007191
0.007191
0.007191
0.007191
0.007191
0.007191
0.007191
0.007191
0.007191
0.007191
0.007191
0.007191
0.007191
0.007191
0.007191
0.007191
0.007191
0.007191
0.007191
0.007191
0.007191
0.007191
0.007191
0.007191
0.007191
0.007191
0.007191
0.007191
0.007191
0.007191
0.007191
0.007191
0.007191
0.007191
0.007191
0.007191
0.007191
0.007191
0.007191
0.007191
0.007191
0.007191
0.007191
0.007191
0.007191
0.007191
0.007191
0.007191
0.007191
0.007191
0.007191
0.007191
0.007191
0.007191
0.007191
0.007191
0.007191
0.007191
0.007191
0.007191
0.007191
0.007191
0.007191
0.007191
0.007191
0.007191
0.007191
0.007191
0.007191
0.007191
0.007191
0.007191
0.007191
0.007191
0.007191
0.007191
0.007191
0.007191
0.007191
0.007191
0.007191
0.007191
0.007191
0.007191
0.007191
0.007191
0.007191
0.007191
0.007191
0.007191
0.007191
0.007191
0.007191
0.007191
0.007191
0.007191
0.007191
0.007191
0.007191
0.007191
0.007191
0.007191
0.007191
0.007191
0.007191
0.007191
0.007191
0.007191
0.007191
0.007191
0.007191
0.007191
0.007191
0.007191
0.007191
0.007191
0.007191
0.007191
0.007191
0.007191
0.007191
0.007191
0.007191
0.007191
0.007191
0.007191
0.007191
0.007191
0.007191
0.007191
0.007191
0.007191
0.007191
0.007191
0.007191
0.007191
0.007191
0.007191
0.007191
0.007191
0.007191
0.007191
0.007191
0.007191
0.007191
0.007191
0.007191
0.007191
0.007191
0.007191
0.007191
0.007191
0.007191
0.007191
0.007191
0.007191
0.007191
0.007191
0.007191
0.007191
0.007191
0.007191
0.007191
0.007191
0.007191
0.007191
0.007191
0.007191
0.007191
0.007191
0.007191
0.007191
0.007191
0.007191
0.007191
0.007191
0.007191
0.007191
0.007191
0.007191
0.007191
0.007191
0.007191
0.007191
0.007191
0.007191
0.007191
0.007191
0.007191
0.007191
0.007191
0.007191
0.007191
0.007191
0.007191
0.007191
0.007191
0.007191
0.007191
0.007191
0.007191
0.007191
0.007191
0.007191
0.007191
0.007191
0.007191
0.007191
0.007191
0.007191
0.007191
0.007191
0.007191
0.007191
0.007191
0.007191
0.007191
0.007191
0.007191
0.007191
0.007191
0.007191
0.007191
0.007191
0.007191
0.007191
0.007191
0.007191
0.007191
0.007191
0.007191
0.007191
0.007191
0.007191
0.007191
0.007191
0.007191
0.007191
0.007191
0.007191
0.007191
0.007191
0.007191
0.007191
0.007191
0.007191
0.007191
0.007191
0.007191
0.007191
0.007191
0.007191
0.007191
0.007191
0.007191
0.007191
0.007191
0.007191
0.007191
0.007191
0.007191
0.007191
0.007191
0.007191
0.007191
0.007191
0.007191
0.007191
0.007191
0.007191
0.007191
0.007191
0.007191
0.007191
0.007191
0.007191
0.007191
0.007191
0.007191
0.007191
0.007191
0.007191
0.007191
0.007191
0.007191
0.007191
0.007191
0.007191
0.007191
0.007191
0.007191
0.007191
0.007191
0.007191
0.007191
0.007191
0.007191
0.007191
0.007191
0.007191
0.007191
0.007191
0.007191
0.007191
0.007043
0.007043
0.007043
0.007043
0.007043
0.007043
0.007043
0.007043
0.006440
0.006440
0.006440
0.006440
0.006440
0.006440
0.006238
0.006238
0.006238
0.006238
0.006222
0.006097
0.006097
0.006097
0.006097
0.006097
0.006097
0.006086
0.006078
0.006078
0.006078
0.006078
0.006078
0.006078
0.006078
0.006074
0.006074
0.006074
0.005298
0.005298
0.005298
0.005298
0.005298
0.005297
0.005297
0.005217
0.005217
0.005168
0.005156
0.005142
0.005142
0.005142
0.005078
0.005078
0.005078
0.005078
0.005078
0.005077
0.005077
0.005077
0.005077
0.005076
0.005076
0.005076
0.005076
0.005076
0.005076
0.005076
0.005076
0.005076
0.005076
0.005076
0.005076
0.005076
0.005076
0.005076
0.005076
0.005076
0.005076
0.005076
0.005076
0.005076
0.005076
0.005076
0.005076
0.005076
0.005076
0.005076
0.005076
0.005076
0.005076
0.005076
0.005076
0.005076
0.005076
0.005076
0.005076
0.005076
0.005076
0.005076
0.005076
0.005076
0.005076
0.005076
0.005076
0.005076
0.005076
0.005076
0.005076
0.005076
0.005076
0.005076
0.005076
0.005076
0.005076
0.005076
0.005076
0.005076
0.005076
0.005076
0.005076
0.005076
0.005076
0.005076
0.005076
0.005076
0.005076
0.005076
0.005076
0.005076
0.005076
0.005076
0.005076
0.005076
0.005076
0.005076
0.005076
0.005076
0.005076
0.005076
0.005076
0.005076
0.005076
0.005076
0.005076
0.005076
0.005076
0.005076
0.005076
0.005076
0.005076
0.005076
0.005076
0.005076
0.005076
0.005076
0.005076
0.005076
0.005076
0.005076
0.005076
0.005076
0.005076
0.005076
0.005076
0.005076
0.005076
0.005076
0.005076
0.005076
0.005076
0.005076
0.005076
0.005076
0.005076
0.005076
0.005076
0.005076
0.005076
0.005076
0.005076
0.005076
0.005076
0.005076
0.005076
0.005076
0.005076
0.005076
0.005076
0.005076
0.005076
0.005076
0.005076
0.005076
0.005076
0.005076
0.005076
0.005076
0.005076
0.005076
0.005076
0.005076
0.005076
0.005076
0.005076
0.005076
0.005076
0.005076
0.005076
0.005076
0.005076
0.005076
0.005076
0.005076
0.005076
0.005076
0.005076
0.005076
0.005076
0.005076
0.005076
0.005076
0.005076
0.005076
0.005076
0.005076
0.005076
0.005076
0.005076
0.005076
0.005076
0.005076
0.005076
0.005076
0.005076
0.005076
0.005076
0.005076
0.005076
0.005076
0.005076
0.005076
0.005076
0.005076
0.005076
0.005076
0.005076
0.005076
0.005076
0.005076
0.005076
0.005076
0.005076
0.005076
0.005076
0.005076
0.005076
0.005076
0.005076
0.005076
0.005076
0.005076
0.005076
0.005076
0.005076
0.005076
0.005076
0.005076
0.005076
0.005076
0.005076
0.005076
0.005076
0.005076
0.005076
0.005076
0.005076
0.005076
0.005076
0.005076
0.005076
0.005076
0.005076
0.005076
0.005076
0.005076
0.005076
0.005076
0.005076
0.005076
0.005076
0.005076
0.005076
0.005076
0.005076
0.005076
0.005076
0.005076
0.005076
0.005076
0.005076
0.005076
0.005076
0.005076
0.005076
0.005076
0.005076
0.005076
0.005076
0.005076
0.005076
0.005076
0.005076
0.005076
0.005076
0.005076
0.005076
0.005076
0.005076
0.005076
0.005076
0.005076
0.005076
0.005076
0.005076
0.005076
0.005076
0.005076
0.005076
0.005076
0.005076
0.005076
0.005076
0.005076
0.005076
0.005076
0.005076
0.005076
0.005076
0.005076
0.005076
0.005076
0.005076
0.005076
0.005076
0.005076
0.005076
0.005076
0.005076
0.005076
0.005076
0.005076
0.005076
0.005076
0.005076
0.005076
0.005076
0.005076
0.005076
0.005076
0.005076
0.005076
0.005076
0.005076
0.005076
0.005076
0.005076
0.005076
0.005076
0.005076
0.005076
0.005076
0.005076
0.005076
0.005076
0.005076
0.005076
0.005076
0.005076
0.005076
0.005076
0.005076
0.005076
0.005076
0.005076
0.005076
0.005076
0.005076
0.005076
0.005076
0.005076
0.005076
0.005076
0.005076
0.005076
0.005076
0.005076
0.005076
0.005076
0.005076
0.005076
0.005076
0.005076
0.005076
0.005076
0.005076
0.005076
0.005076
0.005076
0.005076
0.005076
0.005076
0.005076
0.005076
0.005076
0.005076
0.005076
0.005076
0.005076
0.005076
0.005076
0.005076
0.005076
0.005076
0.005076
0.005076
0.005076
0.005076
0.005076
0.005076
0.005076
0.005076
0.005076
0.005076
0.005076
0.005076
0.005076
0.005076
0.005076
0.005076
0.005076
0.005076
0.005076
0.005076
0.005076
0.005076
0.005076
0.005076
0.005076
0.005076
0.005076
0.005076
0.005076
0.005076
0.005076
0.005076
0.005076
0.005076
0.005076
0.005076
0.005076
0.005076
0.005076
0.005076
0.005076
0.005076
0.005076
0.005076
0.005076
0.005076
0.005076
0.005076
0.005076
0.005076
0.005076
0.005076
0.005076
0.005076
0.005076
0.005076
0.005076
0.005076
0.005076
0.005076
0.005076
0.005076
0.005076
0.005076
0.005076
0.005076
0.005076
0.005076
0.005076
0.005076
0.005076
0.005076
0.005076
0.005076
0.005076
0.005076
0.005076
0.005076
0.005076
0.005076
0.005076
0.005076
0.005076
0.005076
0.005076
0.005076
0.005076
0.005076
0.005076
0.005076
0.005076
0.005076
0.005076
0.005076
0.005076
0.005076
0.005076
0.005076
0.005076
0.005076
0.005076
0.005076
0.005076
0.005076
0.005076
0.005076
0.005076
0.005076
0.005076
0.005076
0.005076
0.005076
0.005076
0.005076
0.005076
0.005076
0.005076
0.005076
0.005076
0.005076
0.005076
0.005076
0.005076
0.005076
0.005076
0.005076
0.005076
0.005076
0.005076
0.005076
0.005076
0.005076
0.005076
0.005076
0.005076
0.005076
0.005076
0.005076
0.005076
0.005076
0.005076
0.005076
0.005076
0.005076
0.005076
0.005076
0.005076
0.005076
0.005076
0.005076
0.005076
0.005076
0.005076
0.005076
0.005076
0.005076
0.005076
0.005076
0.005076
0.005076
0.005076
0.005076
0.005076
0.005076
0.005076
0.005076
0.005076
0.005076
0.005076
0.005076
0.005076
0.005076
0.005076
0.005076
0.005076
0.005076
0.005076
0.005076
0.005076
0.005076
0.005076
0.005076
0.005076
0.005076
0.005076
0.005076
0.005076
0.005076
0.005076
0.005076
0.005076
0.005076
0.005076
0.005076
0.005076
0.005076
0.005076
0.005076
0.005076
0.005076
0.005076
0.005076
0.005076
0.005076
0.005076
0.005076
0.005076
0.005076
0.005076
0.005076
0.005076
0.005076
0.005076
0.005076
0.005076
0.005076
0.005076
0.005076
0.005076
0.005076
0.005076
0.005076
0.005076
0.005076
0.005076
0.005076
0.005076
0.005076
0.005076
0.005076
0.005076
0.005076
0.005076
0.005076
0.005076
0.005076
0.005076
0.005076
0.005076
0.005076
0.005076
0.005076
0.005076
0.005076
0.005076
0.005076
0.005076
0.005076
0.005076
0.005076
0.005076
0.005076
0.005076
0.005076
0.005076
0.005076
0.005076
0.005076
0.005076
0.005076
0.005076
0.005076
0.005076
0.005076
0.005076
0.005076
0.005076
0.005076
0.005076
0.005076
0.005076
0.005076
0.005076
0.005076
0.005076
0.005076
0.005076
0.005076
0.005076
0.005076
0.005076
0.005076
0.005076
0.005076
0.005076
0.005076
0.005076
0.005076
0.005076
0.005076
0.005076
0.005076
0.005076
0.005076
0.005076
0.005076
0.005076
0.005076
0.005076
0.005076
0.005076
0.005076
0.005076
0.005076
0.005076
0.005076
0.005076
0.005076
0.005076
0.005076
0.005076
0.005076
0.005076
0.005076
0.005076
0.005076
0.005076
0.005076
0.005076
0.005076
0.005076
0.005076
0.005076
0.005076
0.005076
0.005076
0.005076
0.005076
0.005076
0.005076
0.005076
0.005076
0.005076
0.005076
0.005076
0.005076
0.005076
0.005076
0.005076
0.005076
0.005076
0.005076
0.005076
0.005076
0.005076
0.005076
0.005076
0.005076
0.005076
0.005076
0.005076
0.005076
0.005076
0.005076
0.005062
0.005062
0.005057
0.005038
0.005038
0.004995
0.004980
0.004980
0.004980
0.004980
0.004980
0.004980
0.004921
0.004921
0.004921
0.004767
0.004767
0.004767
0.004767
0.004767
0.004767
0.004767
0.004767
0.004767
0.004643
0.004643
0.004643
0.004643
0.004643
0.004643
0.004643
0.004643
0.004643
0.004643
0.004643
0.004643
0.004643
0.004643
0.004643
0.004643
0.004643
0.004643
0.004643
0.004643
0.004643
0.004643
0.004643
0.004643
0.004643
0.004643
0.004609
0.004609
0.004609
0.004609
0.004539
0.004539
0.004539
0.004520
0.004520
0.004520
0.004520
0.004520
0.004473
0.004473
0.004473
0.004473
0.004473
0.004464
0.004459
0.004459
0.004459
0.004459
0.004459
0.004459
0.004459
0.004459
0.004459
0.004459
0.004459
0.004459
0.004459
0.004459
0.004459
0.004459
0.004459
0.004459
0.004459
0.004459
0.004459
0.004459
0.004459
0.004459
0.004459
0.004459
0.004459
0.004459
0.004459
0.004459
0.004459
0.004459
0.004459
0.004459
0.004459
0.004459
0.004459
0.004459
0.004459
0.004459
0.004459
0.004459
0.004459
0.004459
0.004459
0.004459
0.004459
0.004459
0.004459
0.004459
0.004459
0.004459
0.004459
0.004459
0.004459
0.004459
0.004436
0.004436
0.004436
0.004436
0.004436
0.004436
0.004436
0.004436
0.004423
0.004423
0.004423
0.004423
0.004423
0.004423
0.004346
0.004342
0.004317
0.004317
0.004274
0.004274
0.004162
0.004160
0.004160
0.004160
0.004144
0.004144
0.004144
0.004144
0.004144
0.004144
0.004144
0.004144
0.004125
0.004115
0.004115
0.004115
0.004115
0.004115
0.004115
0.004115
0.004115
0.004115
0.004115
0.004115
0.004115
0.004115
0.004115
0.004115
0.004115
0.004115
0.004115
0.004115
0.004115
0.004115
0.004115
0.004115
0.004115
0.004115
0.004115
0.004115
0.004115
0.004115
0.004115
0.004115
0.004115
0.004115
0.004115
0.004115
0.004115
0.004115
0.004115
0.004115
0.004115
0.004115
0.004115
0.004102
0.004102
0.004102
0.004102
0.004091
0.004091
0.004091
0.004091
0.004091
0.004091
0.004091
0.004067
0.004067
0.004067
0.004067
0.004067
0.004067
0.003926
0.003926
0.003926
0.003926
0.003926
0.003926
0.003926
0.003926
0.003926
0.003926
0.003926
0.003926
0.003926
0.003926
0.003926
0.003926
0.003926
0.003926
0.003926
0.003926
0.003926
0.003926
0.003926
0.003926
0.003926
0.003926
0.003926
0.003926
0.003926
0.003926
0.003926
0.003926
0.003926
0.003926
0.003926
0.003926
0.003860
0.003809
0.003809
0.003809
0.003809
0.003740
0.003740
0.003740
0.003740
0.003740
0.003740
0.003734
0.003734
0.003734
0.003734
0.003734
0.003734
0.003734
0.003729
0.003729
0.003729
0.003729
0.003722
0.003722
0.003722
0.003722
0.003722
0.003722
0.003722
0.003722
0.003722
0.003722
0.003722
0.003722
0.003722
0.003722
0.003722
0.003722
0.003722
0.003669
0.003659
0.003659
0.003659
0.003659
0.003659
0.003659
0.003659
0.003659
0.003659
0.003659
0.003659
0.003463
0.003461
0.003461
0.003461
0.003461
0.003414
0.003414
0.003414
0.003414
0.003414
0.003412
0.003412
0.003398
0.003398
0.003398
0.003398
0.003398
0.003388
0.003325
0.003325
0.003325
0.003325
0.003319
0.003318
0.003318
0.003318
0.003318
0.003318
0.003318
0.003318
0.003298
0.003298
0.003298
0.003298
0.003298
0.003298
0.003237
0.003237
0.003237
0.003229
0.003225
0.003225
0.003225
0.003224
0.003221
0.003221
0.003221
0.003221
0.003221
0.003212
0.003212
0.003212
0.003212
0.003212
0.003212
0.003212
0.003212
0.003212
0.003146
0.003146
0.003146
0.003146
0.003144
0.003144
0.003144
0.003144
0.003144
0.003144
0.003144
0.003144
0.003144
0.003144
0.003144
0.003144
0.003144
0.003144
0.003144
0.003144
0.003144
0.003144
0.003144
0.003144
0.003144
0.003144
0.003144
0.003144
0.003144
0.003144
0.003144
0.003144
0.003128
0.003128
0.003128
0.003128
0.003128
0.003128
0.003128
0.002956
0.002956
0.002956
0.002956
0.002956
0.002951
0.002951
0.002951
0.002951
0.002883
0.002883
0.002883
0.002883
0.002705
0.002705
0.002519
0.002519
0.002519
0.002519
0.002491
0.002491
0.002491
0.002491
0.002491
0.002491
0.002462
0.002462
0.002462
0.002462
0.002462
0.002421
0.002417
0.002417
0.002417
0.002417
0.002417
0.002417
0.002417
0.002414
0.002414
0.002395
0.002391
0.002391
0.002332
0.002332
0.002332
0.002327
0.002325
0.002325
0.002325
0.002325
0.002319
0.002319
0.002319
0.002319
0.002313
0.002313
0.002313
0.002313
0.002313
0.002313
0.002313
0.002313
0.002290
0.002290
0.002290
0.002290
0.002290
0.002290
0.002290
0.002290
0.002290
0.002290
0.002290
0.002290
0.002290
0.002290
0.002290
0.002290
0.002290
0.002290
0.002290
0.002290
0.002290
0.002290
0.002193
0.002193
0.002193
0.002193
0.002113
0.002113
0.002113
0.002113
0.002113
0.002113
0.002113
0.002113
0.002113
0.002113
0.002092
0.002092
0.002092
0.002092
0.002092
0.002092
0.002092
0.002092
0.002062
0.002062
0.002062
0.002062
0.002062
0.002062
0.002062
0.002062
0.002062
0.002062
0.002050
0.002050
0.002050
0.002050
0.002050
0.002050
0.002050
0.002050
0.002050
0.002050
0.002050
0.002043
0.002043
0.002043
0.002039
0.002003
0.002003
0.002003
0.002003
0.001737
0.001737
0.001737
0.001737
0.001639
0.001639
0.001639
0.001639
0.001639
0.001639
0.001639
0.001583
0.001583
0.001583
0.001583
0.001583
0.001583
0.001583
0.001583
0.001579
0.001579
0.001564
0.001564
0.001564
0.001564
0.001563
0.001563
0.001563
0.001563
0.001563
0.001563
0.001563
0.001563
0.001563
0.001563
0.001563
0.001563
0.001563
0.001563
0.001563
0.001563
0.001563
0.001563
0.001563
0.001563
0.001563
0.001563
0.001563
0.001563
0.001563
0.001563
0.001563
0.001563
0.001563
0.001563
0.001563
0.001563
0.001563
0.001563
0.001563
0.001563
0.001563
0.001563
0.001563
0.001563
0.001563
0.001563
0.001563
0.001563
0.001563
0.001563
0.001563
0.001563
0.001563
0.001563
0.001563
0.001563
0.001563
0.001563
0.001563
0.001563
0.001563
0.001563
0.001563
0.001563
0.001563
0.001563
0.001563
0.001563
0.001563
0.001563
0.001563
0.001563
0.001563
0.001563
0.001563
0.001563
0.001563
0.001563
0.001563
0.001563
0.001563
0.001563
0.001563
0.001563
0.001563
0.001563
0.001543
0.001543
0.001543
0.001537
0.001537
0.001537
0.001537
0.001533
0.001533
0.001533
0.001531
0.001531
0.001526
0.001526
0.001526
0.001526
0.001526
0.001524
0.001524
0.001524
0.001524
0.001524
0.001524
0.001524
0.001524
0.001524
0.001524
0.001524
0.001524
0.001524
0.001524
0.001524
0.001524
0.001524
0.001524
0.001524
0.001524
0.001524
0.001522
0.001522
0.001522
0.001522
0.001517
0.001517
0.001517
0.001517
0.001517
0.001517
0.001517
0.001517
0.001517
0.001517
0.001517
0.001517
0.001517
0.001517
0.001517
0.001517
0.001517
0.001517
0.001517
0.001517
0.001517
0.001517
0.001517
0.001517
0.001517
0.001517
0.001517
0.001517
0.001517
0.001517
0.001517
0.001517
0.001517
0.001517
0.001517
0.001517
0.001517
0.001517
0.001517
0.001517
0.001517
0.001517
0.001517
0.001517
0.001517
0.001517
0.001517
0.001517
0.001517
0.001517
0.001517
0.001517
0.001517
0.001517
0.001517
0.001517
0.001517
0.001517
0.001517
0.001517
0.001517
0.001517
0.001517
0.001517
0.001517
0.001517
0.001517
0.001517
0.001517
0.001517
0.001517
0.001517
0.001517
0.001517
0.001517
0.001517
0.001517
0.001517
0.001517
0.001517
0.001517
0.001517
0.001517
0.001517
0.001517
0.001517
0.001517
0.001517
0.001517
0.001517
0.001517
0.001517
0.001517
0.001517
0.001517
0.001517
0.001517
0.001517
0.001517
0.001517
0.001517
0.001517
0.001517
0.001517
0.001517
0.001517
0.001517
0.001517
0.001517
0.001517
0.001517
0.001517
0.001517
0.001517
0.001517
0.001517
0.001517
0.001517
0.001517
0.001517
0.001517
0.001517
0.001517
0.001517
0.001517
0.001517
0.001517
0.001517
0.001517
0.001517
0.001517
0.001517
0.001517
0.001517
0.001517
0.001517
0.001517
0.001517
0.001517
0.001517
0.001517
0.001517
0.001517
0.001517
0.001517
0.001517
0.001517
0.001517
0.001517
0.001517
0.001517
0.001517
0.001517
0.001517
0.001517
0.001517
0.001517
0.001517
0.001517
0.001517
0.001517
0.001517
0.001517
0.001517
0.001517
0.001517
0.001517
0.001517
0.001517
0.001517
0.001517
0.001517
0.001517
0.001517
0.001517
0.001517
0.001517
0.001517
0.001517
0.001517
0.001517
0.001517
0.001517
0.001517
0.001517
0.001517
0.001517
0.001517
0.001517
0.001517
0.001517
0.001517
0.001517
0.001517
0.001517
0.001517
0.001517
0.001517
0.001517
0.001517
0.001517
0.001517
0.001517
0.001517
0.001517
0.001517
0.001517
0.001517
0.001517
0.001517
0.001517
0.001517
0.001516
0.001516
0.001516
0.001516
0.001516
0.001516
0.001516
0.001516
0.001516
0.001516
0.001516
0.001516
0.001516
0.001516
0.001516
0.001516
0.001516
0.001516
0.001516
0.001516
0.001516
0.001516
0.001516
0.001516
0.001516
0.001516
0.001516
0.001473
0.001473
0.001473
0.001473
0.001473
0.001473
0.001473
0.001473
0.001473
0.001473
0.001473
0.001473
0.001473
0.001468
0.001468
0.001461
0.001461
0.001461
0.001461
0.001461
0.001461
0.001461
0.001461
0.001461
0.001461
0.001461
0.001461
0.001453
0.001453
0.001453
0.001453
0.001453
0.001453
0.001441
0.001441
0.001441
0.001441
0.001435
0.001435
0.001435
0.001435
0.001435
0.001435
0.001434
0.001434
0.001428
0.001428
0.001428
0.001428
0.001428
0.001404
0.001404
0.001404
0.001404
0.001404
0.001404
0.001404
0.001404
0.001404
0.001404
0.001404
0.001404
0.001404
0.001404
0.001404
0.001404
0.001401
0.001401
0.001372
0.001372
0.001372
0.001372
0.001372
0.001372
0.001360
0.001360
0.001360
0.001360
0.001360
0.001360
0.001360
0.001360
0.001360
0.001360
0.001360
0.001360
0.001360
0.001323
0.001323
0.001323
0.001323
0.001323
0.001323
0.001321
0.001321
0.001321
0.001321
0.001321
0.001318
0.001314
0.001314
0.001314
0.001314
0.001314
0.001314
0.001314
0.001314
0.001314
0.001314
0.001314
0.001314
0.001314
0.001314
0.001314
0.001314
0.001314
0.001314
0.001314
0.001314
0.001314
0.001314
0.001314
0.001314
0.001314
0.001314
0.001314
0.001314
0.001314
0.001314
0.001314
0.001314
0.001314
0.001314
0.001314
0.001314
0.001314
0.001314
0.001314
0.001314
0.001314
0.001314
0.001314
0.001314
0.001314
0.001314
0.001314
0.001314
0.001314
0.001314
0.001184
0.001184
0.001170
0.001170
0.001170
0.001170
0.001170
0.001115
0.001115
0.001115
0.001115
0.001115
0.001115
0.001114
0.001114
0.001114
0.001114
0.001114
0.001114
0.001114
0.001114
0.001114
0.001114
0.001114

