1.000000
1.000000
1.000132
1.000132
1.000132
1.000132
1.000132
1.000132
1.000132
1.000132
1.000132
1.000132
1.000132
1.000132
1.000132
1.000132
1.000132
1.000132
1.000132
1.000132
1.000132
1.000132
1.000132
1.000132
1.000132
1.000132
1.000132
1.000132
1.000132
1.000132
1.000132
1.000132
1.000132
1.000132
1.000132
1.000132
1.000132
1.000132
1.000132
1.000132
1.000132
1.000132
1.000132
0.995232
0.895052
0.892088
0.892088
0.887101
0.887101
0.876311
0.870705
0.870705
0.865583
0.865583
0.865583
0.848810
0.848810
0.850000
0.827851
0.827357
0.820222
0.820222
0.820222
0.804521
0.796772
0.796822
0.796822
0.773953
0.773953
0.773953
0.773953
0.765811
0.764790
0.739909
0.739909
0.739909
0.739100
0.739100
0.739100
0.739531
0.739531
0.716221
0.714676
0.714830
0.714830
0.707265
0.699577
0.681684
0.680473
0.680473
0.674960
0.674960
0.674960
0.672612
0.672612
0.667377
0.667377
0.667377
0.667377
0.666495
0.665207
0.665207
0.665207
0.663310
0.663310
0.663310
0.663310
0.656310
0.656310
0.652888
0.630994
0.630994
0.629829
0.628358
0.628358
0.628358
0.616486
0.598601
0.598601
0.598714
0.598714
0.598714
0.598714
0.579727
0.561528
0.561469
0.561469
0.561469
0.529094
0.525456
0.518469
0.518469
0.512962
0.512962
0.512962
0.499208
0.499208
0.499208
0.498067
0.498067
0.497559
0.497559
0.464500
0.464500
0.464500
0.464500
0.464500
0.464500
0.464229
0.464229
0.464229
0.464229
0.464229
0.464229
0.464229
0.464229
0.463272
0.455453
0.455453
0.455453
0.454685
0.454685
0.454685
0.450510
0.450510
0.443040
0.443040
0.443040
0.443040
0.443040
0.443040
0.441950
0.441950
0.434770
0.434770
0.434770
0.433043
0.430854
0.429971
0.428629
0.428456
0.428456
0.428456
0.428456
0.428456
0.428456
0.429093
0.428145
0.428145
0.428145
0.428145
0.428145
0.428145
0.428145
0.428145
0.428118
0.428118
0.428356
0.428356
0.425009
0.420691
0.419569
0.419569
0.419569
0.419648
0.419648
0.419648
0.419445
0.419445
0.419445
0.419358
0.419358
0.417846
0.407343
0.407282
0.407282
0.407282
0.403539
0.403539
0.403539
0.403459
0.403459
0.403459
0.403459
0.402521
0.399280
0.389878
0.388148
0.384551
0.384526
0.380946
0.377815
0.377815
0.377815
0.377815
0.377815
0.377815
0.377815
0.377815
0.369282
0.367844
0.367844
0.367463
0.367463
0.367381
0.367381
0.366670
0.356763
0.355996
0.355996
0.356136
0.353180
0.336502
0.333328
0.333328
0.333328
0.331453
0.331453
0.331453
0.331453
0.331453
0.331453
0.331453
0.331453
0.323600
0.322468
0.322227
0.322227
0.322227
0.322227
0.322227
0.304322
0.304322
0.304155
0.303132
0.303132
0.302017
0.301182
0.301182
0.301182
0.301182
0.301182
0.301182
0.301182
0.301182
0.301182
0.301182
0.301182
0.301182
0.298695
0.298695
0.298700
0.296778
0.296778
0.296778
0.296778
0.296778
0.296778
0.269316
0.267535
0.267534
0.267534
0.267534
0.267534
0.264227
0.264227
0.264227
0.264227
0.264227
0.264227
0.264227
0.264227
0.249620
0.249620
0.249620
0.249620
0.249620
0.249497
0.249497
0.249497
0.249497
0.249497
0.242934
0.242934
0.242934
0.242934
0.242736
0.242736
0.242736
0.242736
0.242736
0.242736
0.242808
0.242777
0.242728
0.242728
0.238778
0.238778
0.238778
0.238778
0.238355
0.238355
0.227525
0.227525
0.217095
0.217095
0.216678
0.208595
0.208595
0.208595
0.206688
0.203989
0.203989
0.203989
0.203989
0.203989
0.203989
0.203989
0.203989
0.203989
0.203989
0.203989
0.203989
0.203989
0.203989
0.203989
0.203989
0.203989
0.203989
0.203989
0.203570
0.203570
0.203570
0.201656
0.201656
0.201656
0.201656
0.201656
0.201656
0.201656
0.201656
0.201656
0.201656
0.201656
0.201656
0.200255
0.199777
0.199777
0.199777
0.199777
0.199777
0.199777
0.199435
0.199435
0.199435
0.199306
0.199306
0.199306
0.199306
0.199306
0.195007
0.195007
0.195007
0.195007
0.195007
0.195007
0.195007
0.195007
0.195007
0.195007
0.195007
0.193212
0.193212
0.193212
0.193212
0.193212
0.193212
0.193212
0.193212
0.193212
0.193212
0.193212
0.193212
0.193212
0.193212
0.193212
0.193212
0.193212
0.193212
0.193212
0.193212
0.193212
0.193212
0.193212
0.193212
0.193212
0.193212
0.193212
0.193212
0.193212
0.193212
0.193212
0.193212
0.193212
0.193212
0.193212
0.193212
0.193212
0.193212
0.193212
0.193212
0.193212
0.193212
0.193212
0.193212
0.193212
0.193212
0.193212
0.193212
0.193212
0.193212
0.193212
0.193212
0.193212
0.193212
0.193212
0.193212
0.193212
0.191981
0.191981
0.191981
0.191389
0.191389
0.191389
0.191389
0.191389
0.190825
0.190737
0.189492
0.189492
0.189492
0.189492
0.188904
0.188904
0.188904
0.188904
0.188752
0.188752
0.188752
0.188752
0.188633
0.188633
0.187660
0.187660
0.187660
0.187768
0.187768
0.187768
0.187768
0.187768
0.187768
0.187768
0.187768
0.187768
0.187483
0.187483
0.178056
0.178056
0.178056
0.178056
0.178056
0.175723
0.175723
0.175723
0.175723
0.175723
0.174741
0.174741
0.174741
0.174756
0.174756
0.174756
0.174756
0.174756
0.173654
0.173654
0.173654
0.173654
0.173635
0.173635
0.173635
0.170876
0.163790
0.163790
0.163790
0.163790
0.163790
0.163790
0.163790
0.163790
0.163797
0.163783
0.163783
0.162382
0.162345
0.162013
0.161673
0.160325
0.157474
0.157474
0.157373
0.157373
0.157178
0.156649
0.156649
0.156649
0.154642
0.154201
0.152846
0.152846
0.152846
0.152846
0.152846
0.152413
0.152413
0.152413
0.145868
0.145497
0.145497
0.136096
0.136096
0.136096
0.136096
0.136096
0.136096
0.136096
0.136096
0.136096
0.134786
0.134786
0.134786
0.134786
0.134786
0.134786
0.134786
0.134786
0.134786
0.134786
0.134786
0.134786
0.134786
0.134786
0.134786
0.134786
0.134698
0.134698
0.134698
0.134698
0.134698
0.134471
0.134471
0.134471
0.134471
0.129577
0.129577
0.129577
0.129577
0.129535
0.129390
0.129390
0.129390
0.129390
0.126089
0.126089
0.126089
0.126089
0.119547
0.119547
0.119547
0.117825
0.117825
0.117825
0.117825
0.117825
0.117825
0.117825
0.117825
0.117825
0.117825
0.117825
0.117288
0.117288
0.117288
0.117288
0.117288
0.117288
0.117288
0.116191
0.116191
0.116191
0.116191
0.116191
0.116191
0.116032
0.115582
0.113369
0.113369
0.113369
0.113258
0.113258
0.113258
0.113258
0.110639
0.110639
0.110639
0.110639
0.110639
0.110529
0.110513
0.110513
0.110513
0.110513
0.110513
0.110513
0.110513
0.110513
0.105517
0.105291
0.105141
0.104785
0.104771
0.104739
0.104739
0.104739
0.104739
0.104739
0.104739
0.104739
0.104739
0.104739
0.104739
0.104739
0.104739
0.104739
0.104739
0.104739
0.104739
0.104739
0.104739
0.104739
0.104739
0.104739
0.104739
0.104739
0.104739
0.104739
0.103866
0.103866
0.103866
0.103866
0.103866
0.103866
0.103866
0.103866
0.103866
0.103821
0.103821
0.103707
0.102875
0.102875
0.102875
0.102875
0.102870
0.102870
0.102870
0.102870
0.102518
0.102518
0.102518
0.102518
0.102359
0.102336
0.102337
0.102337
0.102337
0.102337
0.102337
0.102337
0.101849
0.101857
0.101807
0.101763
0.099808
0.099808
0.099808
0.099410
0.099410
0.099410
0.099410
0.099119
0.099119
0.099119
0.099119
0.099119
0.099119
0.099106
0.099106
0.099113
0.099113
0.099113
0.099113
0.099113
0.098872
0.098872
0.098872
0.098872
0.098599
0.098599
0.097561
0.097560
0.097560
0.097560
0.097560
0.097560
0.097560
0.097560
0.097560
0.097560
0.097560
0.097560
0.097560
0.096626
0.095403
0.095403
0.095403
0.094285
0.094285
0.094285
0.094285
0.094285
0.094285
0.094285
0.094285
0.094285
0.094285
0.092051
0.092051
0.092049
0.092024
0.092024
0.092024
0.091753
0.091753
0.091753
0.089057
0.088245
0.088245
0.088245
0.087817
0.087817
0.087817
0.087817
0.087817
0.087817
0.087817
0.087817
0.087817
0.087451
0.087451
0.087451
0.087451
0.087330
0.087330
0.087330
0.087070
0.087070
0.087070
0.087070
0.087070
0.086959
0.086959
0.086959
0.086959
0.086959
0.086959
0.086959
0.086959
0.086959
0.086959
0.086959
0.086959
0.086959
0.086959
0.086959
0.086959
0.086959
0.086959
0.086959
0.086959
0.086959
0.086959
0.086329
0.086333
0.086333
0.086333
0.080643
0.080643
0.080643
0.080643
0.080643
0.080127
0.079476
0.079031
0.079031
0.078420
0.078420
0.078420
0.078420
0.078420
0.078420
0.078420
0.078420
0.078420
0.078420
0.078420
0.078420
0.077648
0.075292
0.075292
0.075063
0.075063
0.075063
0.075063
0.075063
0.075063
0.074165
0.073479
0.072522
0.072522
0.072488
0.072488
0.072400
0.072400
0.072178
0.072178
0.072171
0.072171
0.072171
0.072171
0.072171
0.072171
0.072171
0.072171
0.072171
0.072171
0.072171
0.072171
0.071819
0.071819
0.071819
0.071819
0.068025
0.063878
0.063878
0.063878
0.063878
0.063878
0.063878
0.063792
0.063792
0.063671
0.063671
0.063671
0.063630
0.063630
0.063630
0.063630
0.063630
0.063630
0.063630
0.063630
0.063630
0.063630
0.063630
0.063630
0.062871
0.062871
0.062871
0.062871
0.062871
0.062871
0.062871
0.062871
0.062871
0.062871
0.062871
0.062871
0.061877
0.061877
0.061764
0.061764
0.060614
0.060614
0.060614
0.060614
0.060614
0.060598
0.060598
0.060560
0.060560
0.060551
0.060551
0.060533
0.060533
0.060533
0.060533
0.060533
0.060533
0.060533
0.060444
0.060444
0.060196
0.060196
0.060196
0.060196
0.059390
0.059390
0.059390
0.059390
0.059390
0.056371
0.056371
0.056371
0.056371
0.054329
0.054329
0.054316
0.054292
0.054266
0.054266
0.054266
0.054266
0.054266
0.054266
0.054266
0.054266
0.054266
0.054266
0.054266
0.054266
0.054266
0.054266
0.054266
0.054255
0.054250
0.054250
0.054250
0.054250
0.054250
0.054250
0.054250
0.054250
0.054250
0.054250
0.054250
0.054250
0.054250
0.054250
0.054250
0.054252
0.054252
0.054252
0.054252
0.053904
0.053904
0.053904
0.053904
0.053904
0.052790
0.052790
0.052790
0.052789
0.052789
0.052789
0.052789
0.052789
0.052789
0.052789
0.052789
0.052789
0.052597
0.052484
0.052484
0.052484
0.052496
0.052496
0.052241
0.052049
0.052013
0.052013
0.052013
0.052013
0.052013
0.052013
0.052013
0.052013
0.052008
0.052008
0.051994
0.051994
0.051994
0.051994
0.051781
0.051664
0.049671
0.049671
0.049671
0.049671
0.049342
0.049342
0.049342
0.049342
0.049342
0.049342
0.049089
0.049089
0.049089
0.048622
0.048622
0.048622
0.048622
0.048622
0.048385
0.048385
0.048385
0.048183
0.048183
0.048183
0.048183
0.048183
0.048183
0.048040
0.048040
0.047939
0.047939
0.047939
0.047939
0.047939
0.047875
0.047875
0.047842
0.047842
0.047842
0.047842
0.047842
0.047842
0.047842
0.047842
0.047842
0.047842
0.047842
0.047842
0.047804
0.047804
0.047804
0.047804
0.045570
0.045570
0.045570
0.045465
0.045464
0.045464
0.044691
0.044690
0.044690
0.044562
0.044562
0.044562
0.044562
0.044562
0.044562
0.044562
0.044562
0.044219
0.044219
0.044219
0.044219
0.044219
0.044219
0.044219
0.044037
0.044037
0.044037
0.044037
0.044037
0.044037
0.044037
0.044037
0.044037
0.044037
0.043857
0.043721
0.043721
0.043721
0.043721
0.043721
0.043721
0.043721
0.043721
0.043721
0.043721
0.043721
0.042698
0.042698
0.042037
0.041395
0.041256
0.041256
0.041256
0.041145
0.041145
0.041145
0.039497
0.039497
0.039497
0.039497
0.039495
0.039495
0.039495
0.039477
0.037346
0.037346
0.037346
0.037346
0.037015
0.037015
0.037015
0.037015
0.037015
0.036761
0.036761
0.036477
0.036477
0.036477
0.036477
0.036475
0.036475
0.036475
0.036475
0.035690
0.035690
0.035690
0.035690
0.035690
0.035467
0.035467
0.035317
0.035145
0.035088
0.035088
0.035088
0.035088
0.035088
0.035088
0.035088
0.035088
0.035088
0.035088
0.035088
0.035088
0.035088
0.035088
0.035088
0.035088
0.035088
0.035088
0.035088
0.035088
0.035088
0.035088
0.035088
0.035088
0.035088
0.035088
0.035088
0.035088
0.035088
0.035088
0.035088
0.035088
0.035088
0.035088
0.035088
0.035088
0.035088
0.035088
0.035088
0.035088
0.035088
0.035088
0.035088
0.035088
0.035088
0.035088
0.035088
0.035088
0.035088
0.035088
0.035088
0.035088
0.035088
0.035088
0.035088
0.035088
0.035088
0.035088
0.035088
0.035088
0.035088
0.035088
0.035088
0.035088
0.035088
0.035088
0.035088
0.035088
0.035088
0.035088
0.035088
0.035088
0.035088
0.035088
0.035088
0.035088
0.035088
0.035088
0.035088
0.035088
0.035088
0.035088
0.035088
0.035088
0.035088
0.035088
0.035088
0.035088
0.035088
0.035088
0.035088
0.035088
0.035088
0.035088
0.035088
0.035088
0.035088
0.035088
0.035088
0.035088
0.035088
0.035088
0.035088
0.035088
0.035088
0.035088
0.035088
0.035088
0.035088
0.035088
0.035088
0.035088
0.035088
0.035088
0.035088
0.035088
0.035088
0.035088
0.035088
0.035088
0.035088
0.035088
0.035088
0.035088
0.035088
0.035088
0.035088
0.035088
0.035088
0.035088
0.035088
0.035088
0.035088
0.035088
0.035088
0.035088
0.035088
0.035088
0.035088
0.035088
0.035088
0.035088
0.035088
0.035088
0.035088
0.035088
0.035088
0.035088
0.035088
0.035088
0.035088
0.035088
0.035088
0.035088
0.035088
0.035088
0.035088
0.035088
0.035088
0.035088
0.035088
0.035088
0.035088
0.035088
0.035088
0.035088
0.035088
0.035088
0.035088
0.035088
0.035088
0.035088
0.035088
0.035088
0.035088
0.035088
0.035088
0.035088
0.035088
0.035088
0.035088
0.035088
0.035088
0.035088
0.035088
0.035088
0.035088
0.035088
0.035088
0.035088
0.035088
0.035088
0.035088
0.035088
0.035088
0.035088
0.035088
0.035088
0.035088
0.035088
0.035088
0.035088
0.035088
0.035088
0.035088
0.035088
0.035088
0.035088
0.035088
0.035088
0.035088
0.035088
0.035088
0.035088
0.035088
0.035088
0.035088
0.035088
0.035088
0.035088
0.035088
0.035088
0.035088
0.035088
0.035088
0.035088
0.035088
0.035088
0.035088
0.035088
0.034198
0.034199
0.033485
0.033485
0.033464
0.031646
0.031646
0.031584
0.031584
0.031584
0.031584
0.031584
0.031584
0.031572
0.031572
0.031572
0.031572
0.031572
0.031572
0.031104
0.031104
0.031104
0.031104
0.030985
0.030413
0.030413
0.030413
0.030413
0.030413
0.030413
0.030413
0.030413
0.030413
0.030317
0.030317
0.030317
0.030317
0.030317
0.030317
0.030213
0.029696
0.029696
0.029696
0.029696
0.029696
0.029696
0.029696
0.029696
0.029696
0.029317
0.029317
0.029317
0.029317
0.029317
0.029317
0.029317
0.027445
0.027445
0.027445
0.027445
0.027445
0.027445
0.027445
0.027445
0.027445
0.027123
0.027123
0.027123
0.027123
0.027123
0.027123
0.027123
0.027123
0.027123
0.027123
0.027123
0.027123
0.027123
0.027123
0.027123
0.027130
0.027130
0.027130
0.027130
0.027130
0.027130
0.025335
0.025334
0.025334
0.025334
0.025334
0.025334
0.025335
0.025315
0.025315
0.025256
0.025221
0.025222
0.023251
0.023251
0.023251
0.023198
0.023097
0.023097
0.023097
0.023005
0.023005
0.023005
0.023005
0.022991
0.022991
0.022991
0.022991
0.022991
0.022991
0.022991
0.022995
0.022929
0.022855
0.022855
0.022855
0.022855
0.022191
0.022191
0.022191
0.022191
0.022191
0.022191
0.022195
0.022195
0.022195
0.022195
0.022195
0.022195
0.022092
0.022030
0.022030
0.022030
0.022030
0.022030
0.022030
0.021505
0.021505
0.021505
0.021505
0.021505
0.021505
0.021505
0.021505
0.021505
0.021505
0.021505
0.020561
0.020561
0.020561
0.020561
0.020561
0.020561
0.020561
0.020561
0.019501
0.019501
0.019501
0.019501
0.019501
0.019501
0.019501
0.019501
0.019501
0.019501
0.019501
0.019501
0.019501
0.019501
0.019501
0.019501
0.019501
0.019501
0.019501
0.019387
0.019363
0.019363
0.018975
0.018975
0.018975
0.018979
0.018782
0.018780
0.018701
0.018511
0.018511
0.017253
0.017253
0.017253
0.017253
0.017253
0.017253
0.017253
0.017251
0.017089
0.017048
0.017048
0.017029
0.017029
0.016145
0.016145
0.016145
0.016144
0.016144
0.016135
0.015271
0.015271
0.015271
0.015264
0.015264
0.015264
0.015264
0.015264
0.014975
0.014962
0.014962
0.014962
0.011977
0.011977
0.011886
0.011886
0.011886
0.011886
0.011886
0.011840
0.011840
0.011830
0.011823
0.011823
0.011734
0.011734
0.011734
0.011734
0.011734
0.011629
0.011629
0.011629
0.011629
0.011629
0.011629
0.011629
0.011629
0.011629
0.011629
0.011629
0.011629
0.011629
0.011633
0.011633
0.011633
0.011513
0.011513
0.011480
0.011480
0.011480
0.011480
0.011153
0.011142
0.011142
0.011142
0.011142
0.011141
0.011141
0.011129
0.011129
0.011129
0.011129
0.010604
0.010340
0.010340
0.010340
0.010309
0.010309
0.010309
0.010309
0.010309
0.010268
0.009535
0.009535
0.009535
0.009535
0.009535
0.009535
0.009535
0.009535
0.009535
0.009535
0.009535
0.009535
0.009535
0.009535
0.009535
0.009535
0.009535
0.009535
0.009535
0.009535
0.009535
0.009535
0.009535
0.009535
0.009535
0.009535
0.009535
0.009535
0.009535
0.009535
0.009535
0.009535
0.009535
0.009535
0.009363
0.009363
0.009363
0.009363
0.009363
0.009363
0.009363
0.009363
0.009363
0.009363
0.009363
0.009363
0.009363
0.009271
0.009271
0.008905
0.008905
0.008908
0.008908
0.008908
0.008908
0.008908
0.008908
0.008908
0.008908
0.008908
0.008810
0.008810
0.008810
0.008565
0.008565
0.008565
0.008565
0.008565
0.008565
0.008565
0.008565
0.008565
0.008565
0.008565
0.008565
0.008565
0.008565
0.008565
0.008565
0.008565
0.008565
0.008565
0.008565
0.008565
0.008565
0.008565
0.008565
0.008565
0.008565
0.008565
0.008565
0.008565
0.008565
0.008565
0.008565
0.008565
0.008565
0.008233
0.008233
0.008233
0.008210
0.008210
0.008210
0.008210
0.008035
0.008035
0.008035
0.007961
0.007877
0.007877
0.007877
0.007877
0.007836
0.007836
0.007836
0.007836
0.007695
0.007695
0.007694
0.007694
0.007515
0.007515
0.007498
0.007483
0.007483
0.007483
0.007483
0.007483
0.007483
0.007483
0.007414
0.007414
0.007414
0.007350
0.007350
0.007103
0.007103
0.007103
0.007103
0.007028
0.007028
0.006999
0.006974
0.006974
0.006974
0.006974
0.006974
0.006974
0.006974
0.006967
0.006967
0.006967
0.006967
0.006967
0.006967
0.006967
0.006919
0.006916
0.006916
0.006916
0.006916
0.006916
0.006916
0.006916
0.006916
0.006916
0.006916
0.006916
0.006916
0.006916
0.006916
0.006868
0.006868
0.006868
0.006859
0.006859
0.006859
0.006802
0.006718
0.006718
0.006718
0.006718
0.006718
0.006718
0.006718
0.006718
0.006718
0.006718
0.006718
0.006718
0.006718
0.006718
0.006718
0.006718
0.006718
0.006718
0.006718
0.006718
0.006718
0.006718
0.006718
0.006718
0.006718
0.006718
0.006718
0.006718
0.006718
0.006718
0.006718
0.006718
0.006718
0.006718
0.006718
0.005616
0.005616
0.004574
0.004574
0.004574
0.004574
0.004574
0.004534
0.004512
0.004512
0.004512
0.004512
0.004512
0.004512
0.004512
0.004308
0.004308
0.004308
0.004308
0.004304
0.004269
0.004269
0.004269
0.004269
0.004269
0.004269
0.004269
0.004269
0.004256
0.004256
0.004256
0.004256
0.004256
0.004256
0.004256
0.004256
0.004256
0.004256
0.004256
0.004256
0.004256
0.004256
0.004256
0.004256
0.004256
0.004185
0.004185
0.004185
0.004185
0.004185
0.004183
0.004183
0.004183
0.004183
0.004183
0.004183
0.004183
0.004183
0.004183
0.004154
0.004154
0.004154
0.004154
0.004154
0.004154
0.004154
0.004154
0.004154
0.004154
0.004154
0.004154
0.004154
0.004154
0.004154
0.004154
0.004154
0.004154
0.004154
0.004154
0.004154
0.004154
0.004154
0.004154
0.004154
0.004154
0.004154
0.004154
0.004154
0.004154
0.004154
0.004154
0.004154
0.004154
0.004154
0.004154
0.004154
0.004154
0.004154
0.004154
0.004154
0.004154
0.004154
0.004154
0.004154
0.004154
0.004154
0.004154
0.004154
0.004154
0.004154
0.004154
0.004154
0.004154
0.004154
0.004154
0.004154
0.004154
0.004154
0.004154
0.004154
0.004154
0.004154
0.004154
0.004154
0.004154
0.004154
0.004154
0.004154
0.004154
0.004154
0.004154
0.004154
0.004154
0.004154
0.004154
0.004154
0.004154
0.004149
0.004149
0.004149
0.004149
0.004149
0.004149
0.004100
0.004054
0.004054
0.004054
0.003992
0.003992
0.003992
0.003992
0.003992
0.003992
0.003992
0.003992
0.003992
0.003992
0.003992
0.003992
0.003992
0.003992
0.003992
0.003992
0.003992
0.003992
0.003992
0.003992
0.003992
0.003992
0.003992
0.003992
0.003992
0.003992
0.003992
0.003992
0.003992
0.003992
0.003992
0.003992
0.003992
0.003992
0.003992
0.003992
0.003992
0.003992
0.003992
0.003992
0.003992
0.003992
0.003992
0.003992
0.003992
0.003992
0.003992
0.003992
0.003992
0.003992
0.003992
0.003903
0.002819
0.002819
0.002819
0.002819
0.002819
0.002819
0.002819
0.002819
0.002819
0.002819
0.002819
0.002819
0.002819
0.002819
0.002819
0.002819
0.002819
0.002819
0.002818
0.002818
0.002817
0.002817
0.002817
0.002817
0.002817
0.002817
0.002806
0.002806
0.002806
0.002802
0.002802
0.002802
0.002802
0.002802
0.002802
0.002800
0.002800
0.002794
0.002794
0.002794
0.002794
0.002794
0.002794
0.002779
0.002779
0.002779
0.002779
0.002778
0.002578
0.002578
0.002578
0.002578
0.002578
0.002577
0.002577
0.002577
0.002577
0.002577
0.002577
0.002570
0.002478
0.002478
0.002478
0.002478
0.002478
0.002478
0.002395
0.002395
0.002395
0.002395
0.002395
0.002395
0.002395
0.002395
0.002395
0.002374
0.002374
0.002374
0.002374
0.002374
0.002374
0.002374
0.002374
0.002374
0.002374
0.002318
0.002318
0.002318
0.002304
0.002304
0.002304
0.002304
0.002304
0.002304
0.002304
0.002304
0.002304
0.002304
0.002304
0.002304
0.002304
0.002304
0.002304
0.002304
0.002304
0.002304
0.002304
0.002304
0.002304
0.002304
0.002304
0.002304
0.002304
0.002304
0.002304
0.002304
0.002304
0.002304
0.002304
0.002304
0.002304
0.002304
0.002304
0.002304
0.002304
0.002304
0.002304
0.002304
0.002304
0.002304
0.002304
0.002304
0.002304
0.002304
0.002304
0.002304
0.002304
0.002304
0.002304
0.002304
0.002304
0.002304
0.002304
0.002304
0.002304
0.002304
0.002304
0.002304
0.002275
0.002262
0.002258
0.002258
0.002175
0.002175
0.002175
0.002175
0.002175
0.002175
0.002175
0.002175
0.002175
0.002175
0.002175
0.002175
0.002175
0.002167
0.002167
0.002167
0.002167
0.002167
0.002167
0.002166
0.002166
0.002166
0.002165
0.002165
0.002165
0.002165
0.002165
0.002165
0.002165
0.002165
0.002165
0.002165
0.002165
0.002165
0.002165
0.002165
0.002165
0.002165
0.002165
0.002165
0.002165
0.002165
0.002165
0.002165
0.002165
0.002165
0.002165
0.002165
0.002165
0.002165
0.002165
0.002165
0.002165
0.002160
0.002160
0.002160
0.002159
0.002159
0.002159
0.002159
0.002159
0.002159
0.002159
0.002159
0.002159
0.002159
0.002159
0.002158
0.002158
0.002158
0.002113
0.001961
0.001961
0.001961
0.001961
0.001961
0.001960
0.001957
0.001933
0.001933
0.001933
0.001933
0.001933
0.001933
0.001933
0.001909
0.001909
0.001909
0.001909
0.001909
0.001909
0.001909
0.001909
0.001909
0.001909
0.001908
0.001880
0.001880
0.001880
0.001880
0.001880
0.001880
0.001880
0.001880
0.001880
0.001880
0.001880
0.001880
0.001880
0.001880
0.001880
0.001880
0.001880
0.001880
0.001880
0.001880
0.001880
0.001880
0.001880
0.001880
0.001880
0.001880
0.001876
0.001876
0.001876
0.001876
0.001876
0.001876
0.001876
0.001876
0.001876
0.001876
0.001831
0.001831
0.001831
0.001831
0.001831
0.001830
0.001830
0.001830
0.001830
0.001830
0.001830
0.001824
0.001824
0.001824
0.001824
0.001824
0.001824
0.001824
0.001824
0.001824
0.001824
0.001824
0.001824
0.001824
0.001824
0.001824
0.001824
0.001824
0.001824
0.001824
0.001824
0.001824
0.001824
0.001824
0.001824
0.001824
0.001824
0.001824
0.001824
0.001824
0.001824
0.001824
0.001824
0.001824
0.001824
0.001824
0.001824
0.001824
0.001824
0.001824
0.001824
0.001824
0.001824
0.001824
0.001824
0.001824
0.001824
0.001824
0.001824
0.001824
0.001824
0.001824
0.001824
0.001824
0.001824
0.001824
0.001824
0.001824
0.001824
0.001824
0.001824
0.001824
0.001824
0.001824
0.001824
0.001824
0.001824
0.001734
0.001734
0.001734
0.001734
0.001734
0.001734
0.001734
0.001734
0.001734
0.001734
0.001734
0.001734
0.001734
0.001734
0.001734
0.001734
0.001734
0.001734
0.001734
0.001734
0.001734
0.001734
0.001734
0.001734
0.001734
0.001734
0.001734
0.001734
0.001734
0.001734
0.001734
0.001734
0.001734
0.001734
0.001734
0.001734
0.001734
0.001734
0.001734
0.001734
0.001734
0.001734
0.001734
0.001734
0.001734
0.001734
0.001734
0.001734
0.001734
0.001734
0.001734
0.001734
0.001734
0.001734
0.001734
0.001734
0.001734
0.001734
0.001734
0.001734
0.001734
0.001734
0.001734
0.001734
0.001734
0.001734
0.001734
0.001734
0.001734
0.001734
0.001734
0.001734
0.001733
0.001733
0.001733
0.001724
0.001724
0.001724
0.001724
0.001724
0.001724
0.001724
0.001724
0.001724
0.001724
0.001724
0.001724
0.001722
0.001722
0.001722
0.001722
0.001722
0.001722
0.001695
0.001695
0.001695
0.001695
0.001689
0.001689
0.001688
0.001688
0.001688
0.001688
0.001688
0.001688
0.001688
0.001688
0.001688
0.001688
0.001686
0.001686
0.001686
0.001685
0.001685
0.001685
0.001685
0.001685
0.001679
0.001679
0.001679
0.001679
0.001679
0.001679
0.001679
0.001679
0.001679
0.001679
0.001679
0.001679
0.001679
0.001679
0.001679
0.001679
0.001679
0.001679
0.001679
0.001679
0.001675
0.001675
0.001675
0.001675
0.001675
0.001675
0.001675
0.001675
0.001534
0.001534
0.001534
0.001534
0.001534
0.001534
0.001480
0.001480
0.001480
0.001480
0.001477
0.001477
0.001477
0.001477
0.001443
0.001443
0.001443
0.001443
0.001444
0.001444
0.001444
0.001444
0.001444
0.001444
0.001444
0.001444
0.001444
0.001444
0.001444
0.001444
0.001444
0.001444
0.001444
0.001444
0.001444
0.001444
0.001443
0.001443
0.001443
0.001443
0.001443
0.001443
0.001443
0.001443
0.001429
0.001429
0.001421
0.001421
0.001421
0.001421
0.001421
0.001421
0.001421
0.001421
0.001421
0.001421
0.001421
0.001421
0.001421
0.001421
0.001421
0.001421
0.001421
0.001421
0.001421
0.001421
0.001421
0.001340
0.001340
0.001340
0.001340
0.001340
0.001340
0.001340
0.001340
0.001340
0.001338
0.001336
0.001336
0.001336
0.001336
0.001336
0.001336
0.001312
0.001312
0.001312
0.001312
0.001312
0.001312
0.001312
0.001312
0.001312
0.001307
0.001275
0.001275
0.001275
0.001275
0.001275
0.001275
0.001275
0.001275
0.001273
0.001273
0.001273
0.001251
0.001251
0.001214
0.001214
0.001214
0.001214
0.001214
0.001214
0.001214
0.001214
0.001214
0.001214
0.001214
0.001214
0.001214
0.001185
0.001185
0.001185
0.001185
0.001185
0.001185
0.001185
0.001185
0.001185
0.001185
0.001185
0.001185
0.001185
0.001185
0.001185
0.001185
0.001185
0.001185
0.001185
0.001185
0.001185
0.001185
0.001185
0.001185
0.001185
0.001185
0.001185
0.001185
0.001185
0.001185
0.001185
0.001185
0.001185
0.001185
0.001185
0.001185
0.001185
0.001185
0.001185
0.001185
0.001185
0.001185
0.001185
0.001185
0.001185
0.001185
0.001185
0.001185
0.001185
0.001185
0.001185
0.001185
0.001185
0.001185
0.001185
0.001185
0.001185
0.001185
0.001185
0.001185
0.001185
0.001185
0.001185
0.001185
0.001185
0.001185
0.001185
0.001185
0.001185
0.001185
0.001185
0.001185
0.001185
0.001185
0.001185
0.001185
0.001185
0.001185
0.001185
0.001185
0.001185
0.001185
0.001185
0.001185
0.001185
0.001185
0.001185
0.001185
0.001185
0.001185
0.001185
0.001185
0.001185
0.001185
0.001185
0.001185
0.001185
0.001185
0.001185
0.001185
0.001185
0.001185
0.001185
0.001185
0.001185
0.001185
0.001185
0.001185
0.001185
0.001185
0.001185
0.001185
0.001185
0.001185
0.001185
0.001185
0.001185
0.001185
0.001185
0.001185
0.001185
0.001185
0.001185
0.001185
0.001185
0.001185
0.001185
0.001185
0.001185
0.001185
0.001185
0.001185
0.001185
0.001185
0.001185
0.001185
0.001185
0.001185
0.001185
0.001185
0.001185
0.001185
0.001185
0.001185
0.001185
0.001105
0.000989
0.000989
0.000989
0.000989
0.000988
0.000985
0.000985
0.000985
0.000985
0.000985
0.000985
0.000985
0.000985
0.000985
0.000985
0.000985
0.000985
0.000985
0.000985
0.000985
0.000985
0.000985
0.000985
0.000985
0.000985
0.000985
0.000985
0.000985
0.000985
0.000985
0.000985
0.000985
0.000985
0.000985
0.000985
0.000985
0.000985
0.000985
0.000985
0.000985
0.000985
0.000985
0.000985
0.000985
0.000985
0.000982
0.000977
0.000977
0.000977
0.000977
0.000977
0.000977
0.000976
0.000976
0.000976
0.000976
0.000976
0.000976
0.000976
0.000971
0.000971
0.000971
0.000971
0.000971
0.000971
0.000971
0.000971
0.000971
0.000971
0.000971
0.000971
0.000971
0.000969
0.000969
0.000875
0.000875
0.000875
0.000875
0.000875
0.000851
0.000851
0.000851
0.000851
0.000851
0.000851
0.000848
0.000848
0.000848
0.000848
0.000848
0.000848
0.000848
0.000848
0.000848
0.000848
0.000848
0.000848
0.000848
0.000848
0.000848
0.000848
0.000848
0.000820
0.000820
0.000820
0.000820
0.000820
0.000820
0.000820
0.000820
0.000820
0.000820
0.000793
0.000793
0.000793
0.000793
0.000793
0.000793
0.000793
0.000793
0.000793
0.000793
0.000793
0.000734
0.000734
0.000734
0.000734
0.000734
0.000734
0.000734
0.000734
0.000734
0.000727
0.000727
0.000727
0.000727
0.000728
0.000728
0.000728
0.000727
0.000727
0.000727
0.000727
0.000724
0.000724
0.000724
0.000724
0.000724
0.000724
0.000724
0.000724
0.000724
0.000724
0.000724
0.000724
0.000717
0.000717
0.000716
0.000716
0.000716
0.000716
0.000716
0.000716
0.000716
0.000716
0.000716
0.000716
0.000716
0.000716
0.000716
0.000716
0.000716
0.000716
0.000716
0.000708
0.000708
0.000708
0.000708
0.000708
0.000708
0.000708
0.000708
0.000635
0.000620
0.000614
0.000614
0.000605
0.000605
0.000605
0.000605
0.000605
0.000605
0.000599
0.000599
0.000599
0.000599
0.000599
0.000599
0.000599
0.000599
0.000599
0.000599
0.000599
0.000599
0.000599
0.000599
0.000599
0.000599
0.000599
0.000599
0.000599
0.000599
0.000599
0.000598
0.000598
0.000598
0.000598
0.000598
0.000598
0.000596
0.000596
0.000596
0.000596
0.000595
0.000595
0.000595
0.000595
0.000595
0.000595
0.000595
0.000595
0.000595
0.000595
0.000595
0.000595
0.000595
0.000595
0.000595
0.000595
0.000595
0.000595
0.000595
0.000595
0.000595
0.000595
0.000595
0.000594
0.000594
0.000594
0.000594
0.000594
0.000594
0.000594
0.000594
0.000583
0.000583
0.000583
0.000583
0.000583
0.000583
0.000583
0.000583
0.000583
0.000583
0.000583
0.000583
0.000583
0.000583
0.000583
0.000583
0.000583
0.000555
0.000555
0.000555
0.000555
0.000555
0.000555
0.000555
0.000555
0.000555
0.000555
0.000555
0.000555
0.000554
0.000554
0.000554
0.000554
0.000554
0.000554
0.000554
0.000543
0.000543
0.000543
0.000543
0.000543
0.000542
0.000542
0.000542
0.000542
0.000542
0.000542
0.000542
0.000542
0.000542
0.000542
0.000542
0.000542
0.000542
0.000542
0.000542
0.000540
0.000540
0.000540
0.000540
0.000540
0.000540
0.000540
0.000540
0.000540
0.000540
0.000540
0.000540
0.000540
0.000540
0.000540
0.000540
0.000540
0.000540
0.000540
0.000540
0.000540
0.000540
0.000540
0.000540
0.000536
0.000536
0.000536
0.000536
0.000536
0.000536
0.000536
0.000536
0.000536
0.000536
0.000535
0.000535
0.000533
0.000533
0.000533
0.000533
0.000533
0.000533
0.000533
0.000533
0.000533
0.000527
0.000527
0.000527
0.000527
0.000527
0.000527
0.000527
0.000527
0.000527
0.000526
0.000526
0.000526
0.000526
0.000526
0.000526
0.000526
0.000526
0.000526
0.000526
0.000526
0.000526
0.000526
0.000526
0.000526
0.000526
0.000526
0.000526
0.000526
0.000526
0.000526
0.000526
0.000526
0.000526
0.000526
0.000526
0.000526
0.000526
0.000526
0.000526
0.000526
0.000526
0.000526
0.000526
0.000526
0.000526
0.000526
0.000526
0.000526
0.000526
0.000526
0.000526
0.000526
0.000526
0.000526
0.000526
0.000526
0.000526
0.000526
0.000526
0.000526
0.000526
0.000526
0.000526
0.000526
0.000526
0.000526
0.000526
0.000526
0.000526
0.000526
0.000526
0.000526
0.000526
0.000526
0.000526
0.000526
0.000526
0.000526
0.000526
0.000526
0.000526
0.000526
0.000526
0.000526
0.000526
0.000526
0.000526
0.000526
0.000526
0.000526
0.000526
0.000526
0.000526
0.000526
0.000526
0.000526
0.000526
0.000526
0.000526
0.000526
0.000526
0.000526
0.000426
0.000426
0.000426
0.000426
0.000424
0.000424
0.000375
0.000375
0.000307
0.000307
0.000300
0.000300
0.000300
0.000300
0.000300
0.000300
0.000300
0.000291
0.000291
0.000291
0.000291
0.000291
0.000291
0.000291
0.000291
0.000291
0.000291
0.000291
0.000291
0.000291
0.000290
0.000290
0.000290
0.000290
0.000290
0.000290
0.000290
0.000290
0.000290
0.000290
0.000290
0.000290
0.000290
0.000287
0.000287
0.000287
0.000287
0.000287
0.000285
0.000285
0.000283
0.000283
0.000276
0.000276
0.000276
0.000276
0.000275
0.000275
0.000275
0.000275
0.000274
0.000245
0.000245
0.000245
0.000245
0.000245
0.000235
0.000235
0.000235
0.000235
0.000235
0.000235
0.000235
0.000235
0.000235
0.000232
0.000232
0.000232
0.000232
0.000232
0.000232
0.000232
0.000232
0.000232
0.000232
0.000232
0.000232
0.000232
0.000232
0.000232
0.000232
0.000232
0.000232
0.000232
0.000232
0.000232
0.000232
0.000232
0.000232
0.000232
0.000232
0.000232
0.000232
0.000232
0.000232
0.000232
0.000231
0.000206
0.000206
0.000206
0.000206
0.000206
0.000206
0.000206
0.000205
0.000205
0.000205
0.000205
0.000205
0.000202
0.000202
0.000202
0.000202
0.000202
0.000202
0.000202
0.000202
0.000202
0.000202
0.000202
0.000202
0.000202
0.000202
0.000202
0.000202
0.000202
0.000202
0.000202
0.000202
0.000202
0.000202
0.000202
0.000202
0.000202
0.000202
0.000202
0.000202
0.000202
0.000202
0.000202
0.000202
0.000202
0.000202
0.000202
0.000202
0.000202
0.000202
0.000202
0.000202
0.000202
0.000202
0.000202
0.000202
0.000202
0.000202
0.000202
0.000202
0.000202
0.000202
0.000202
0.000202
0.000202
0.000202
0.000202
0.000202
0.000202
0.000202
0.000202
0.000202
0.000202
0.000202
0.000202
0.000202
0.000202
0.000202
0.000202
0.000202
0.000202
0.000202
0.000202
0.000202
0.000202
0.000202
0.000202
0.000202
0.000202
0.000202
0.000202
0.000202
0.000202
0.000202
0.000202
0.000202
0.000202
0.000202
0.000202
0.000202
0.000202
0.000202
0.000202
0.000202
0.000202
0.000202
0.000202
0.000202
0.000202
0.000202
0.000202
0.000202
0.000202
0.000202
0.000202
0.000202
0.000202
0.000202
0.000202
0.000202
0.000202
0.000202
0.000202
0.000202
0.000202
0.000202
0.000202
0.000202
0.000202
0.000202
0.000202
0.000202
0.000202
0.000202
0.000202
0.000202
0.000202
0.000202
0.000202
0.000202
0.000202
0.000202
0.000202
0.000202
0.000202
0.000202
0.000202
0.000202
0.000202
0.000202
0.000202
0.000202
0.000202
0.000202
0.000202
0.000202
0.000202
0.000202
0.000202
0.000202
0.000202
0.000202
0.000202
0.000202
0.000202
0.000202
0.000202
0.000202
0.000202
0.000202
0.000202
0.000202
0.000202
0.000202
0.000202
0.000202
0.000202
0.000202
0.000202
0.000202
0.000202
0.000202
0.000202
0.000202
0.000202
0.000202
0.000202
0.000202
0.000202
0.000202
0.000202
0.000202
0.000202
0.000202
0.000202
0.000202
0.000202
0.000202
0.000202
0.000202
0.000202
0.000202
0.000202
0.000202
0.000202
0.000202
0.000202
0.000202
0.000202
0.000202
0.000202
0.000202
0.000202
0.000202
0.000202
0.000202
0.000202
0.000202
0.000202
0.000202
0.000202
0.000202
0.000202
0.000202
0.000202
0.000202
0.000202
0.000202
0.000202
0.000202
0.000202
0.000202
0.000202
0.000202
0.000202
0.000202
0.000202
0.000202
0.000202
0.000202
0.000202
0.000202
0.000202
0.000202
0.000202
0.000202
0.000202
0.000202
0.000202
0.000202
0.000202
0.000202
0.000202
0.000202
0.000202
0.000202
0.000202
0.000202
0.000202
0.000202
0.000202
0.000202
0.000202
0.000202
0.000202
0.000202
0.000202
0.000202
0.000202
0.000202
0.000202
0.000202
0.000202
0.000202
0.000202
0.000202
0.000202
0.000202
0.000202
0.000202
0.000202
0.000202
0.000202
0.000202
0.000202
0.000202
0.000202
0.000202
0.000202
0.000202
0.000202
0.000202
0.000202
0.000202
0.000202
0.000202
0.000202
0.000202
0.000202
0.000202
0.000202
0.000202
0.000202
0.000202
0.000202
0.000202
0.000202
0.000202
0.000202
0.000202
0.000202
0.000202
0.000202
0.000202
0.000202
0.000202
0.000202
0.000202
0.000202
0.000202
0.000202
0.000202
0.000202
0.000202
0.000202
0.000202
0.000202
0.000202
0.000202
0.000202
0.000202
0.000202
0.000202
0.000202
0.000202
0.000202
0.000202
0.000202
0.000202
0.000202
0.000202
0.000202
0.000202
0.000202
0.000202
0.000202
0.000202
0.000202
0.000202
0.000202
0.000202
0.000202
0.000202
0.000202
0.000202
0.000202
0.000202
0.000202
0.000202
0.000202
0.000202
0.000202
0.000202
0.000202
0.000202
0.000202
0.000202
0.000202
0.000202
0.000202
0.000202
0.000202
0.000202
0.000202
0.000202
0.000202
0.000202
0.000202
0.000202
0.000202
0.000202
0.000202
0.000202
0.000202
0.000202
0.000202
0.000202
0.000202
0.000202
0.000202
0.000202
0.000202
0.000202
0.000202
0.000202
0.000202
0.000202
0.000202
0.000202
0.000202
0.000202
0.000202
0.000202
0.000202
0.000202
0.000202
0.000202
0.000202
0.000202
0.000202
0.000202
0.000201
0.000201
0.000201
0.000201
0.000201
0.000201
0.000201
0.000201
0.000201
0.000201
0.000186
0.000186
0.000186
0.000186
0.000186
0.000185
0.000185
0.000185
0.000185
0.000185
0.000185
0.000185
0.000185
0.000185
0.000185
0.000185
0.000185
0.000185
0.000185
0.000179
0.000179
0.000179
0.000179
0.000179
0.000179
0.000179
0.000179
0.000179
0.000179
0.000179
0.000179
0.000179
0.000179
0.000179
0.000179
0.000179
0.000179
0.000179
0.000179
0.000179
0.000179
0.000179
0.000179
0.000179
0.000179
0.000179
0.000179
0.000179
0.000179
0.000179
0.000179
0.000179
0.000179
0.000179
0.000179
0.000179
0.000179
0.000179
0.000179
0.000179
0.000179
0.000179
0.000179
0.000179
0.000179
0.000179
0.000179
0.000179
0.000179
0.000179
0.000179
0.000179
0.000179
0.000179
0.000179
0.000179
0.000179
0.000179
0.000179
0.000179
0.000179
0.000179
0.000179
0.000179
0.000179
0.000179
0.000179
0.000179
0.000179
0.000179
0.000179
0.000179
0.000179
0.000179
0.000179
0.000179
0.000179
0.000179
0.000179
0.000179
0.000179
0.000179
0.000179
0.000179
0.000179
0.000179
0.000177
0.000177
0.000177
0.000177
0.000177
0.000177
0.000177
0.000177
0.000177
0.000177
0.000177
0.000177
0.000177
0.000177
0.000177
0.000177
0.000177
0.000177
0.000177
0.000177
0.000177
0.000177
0.000177
0.000177
0.000177
0.000177
0.000177
0.000177
0.000175
0.000175
0.000175
0.000175
0.000175
0.000175
0.000175
0.000175
0.000175
0.000175
0.000175
0.000175
0.000175
0.000175
0.000175
0.000175
0.000175
0.000175
0.000175
0.000175
0.000175
0.000175
0.000175
0.000175
0.000175
0.000175
0.000175
0.000175
0.000175
0.000175
0.000175
0.000175
0.000175
0.000175
0.000175
0.000175
0.000175
0.000175
0.000175
0.000175
0.000175
0.000175
0.000175
0.000175
0.000175
0.000175
0.000175
0.000175
0.000175
0.000175
0.000175
0.000174
0.000174
0.000174
0.000174
0.000174
0.000174
0.000174
0.000174
0.000174
0.000174
0.000174
0.000174
0.000174
0.000174
0.000174
0.000172
0.000172
0.000172
0.000172
0.000172
0.000172
0.000172
0.000172
0.000172
0.000156
0.000156
0.000156
0.000156
0.000156
0.000156
0.000156
0.000156
0.000156
0.000156
0.000156
0.000156
0.000156
0.000156
0.000156
0.000156
0.000141
0.000141
0.000141
0.000141
0.000141
0.000141
0.000141
0.000141
0.000141
0.000141
0.000141
0.000141
0.000141
0.000141
0.000138
0.000138
0.000138
0.000138
0.000138
0.000138
0.000138
0.000138
0.000138
0.000134
0.000134
0.000134
0.000133
0.000133
0.000133
0.000133
0.000133
0.000123
0.000123
0.000123
0.000123
0.000123
0.000123
0.000123
0.000123
0.000123
0.000118
0.000118
0.000118
0.000118
0.000118
0.000118
0.000118
0.000118
0.000113
0.000112
0.000112
0.000112
0.000112
0.000112
0.000112
0.000112
0.000112
0.000112
0.000112
0.000112
0.000112
0.000112
0.000112
0.000112
0.000112
0.000112
0.000112
0.000112
0.000112
0.000112
0.000112
0.000112
0.000112
0.000112
0.000112
0.000112
0.000112
0.000112
0.000112
0.000112
0.000112
0.000112
0.000112
0.000112
0.000112
0.000112
0.000112
0.000112
0.000112
0.000112
0.000112
0.000112
0.000112
0.000112
0.000112
0.000112
0.000112
0.000112
0.000112
0.000112
0.000112
0.000112
0.000112
0.000112
0.000112
0.000112
0.000112
0.000112
0.000112
0.000112
0.000112
0.000112
0.000112
0.000112
0.000112
0.000112
0.000112
0.000112
0.000112
0.000112
0.000112
0.000112
0.000112
0.000112
0.000112
0.000112
0.000112
0.000112
0.000112
0.000112
0.000112
0.000112
0.000112
0.000112
0.000112
0.000112
0.000112
0.000112
0.000112
0.000112
0.000112
0.000112
0.000112
0.000112
0.000112
0.000110
0.000110
0.000110
0.000110
0.000110
0.000110
0.000110
0.000110
0.000110
0.000110
0.000110
0.000104
0.000104
0.000104
0.000104
0.000104
0.000104
0.000104
0.000104
0.000104
0.000104
0.000104
0.000104
0.000104
0.000104
0.000104
0.000104
0.000104
0.000104
0.000104
0.000104
0.000104
0.000104
0.000104
0.000104
0.000104
0.000104
0.000104
0.000104
0.000103
0.000103
0.000103
0.000103
0.000103
0.000103
0.000101
0.000101
0.000101
0.000101
0.000101
0.000101
0.000101
0.000101
0.000101
0.000101
0.000101
0.000101
0.000101
0.000101
0.000101
0.000101
0.000101
0.000101
0.000101
0.000101
0.000101
0.000101
0.000101
0.000101
0.000101
0.000101
0.000101
0.000101
0.000101
0.000101
0.000101
0.000101
0.000101
0.000101
0.000101
0.000100
0.000100
0.000100
0.000100
0.000100
0.000100
0.000100
0.000100
0.000100
0.000100
0.000100
0.000100
0.000100
0.000100

