1.000000
1.000000
0.997216
0.997053
0.970405
0.932320
0.910746
0.910618
0.909900
0.907647
0.818734
0.814834
0.811681
0.802831
0.734243
0.733649
0.733649
0.733649
0.733649
0.733649
0.730701
0.730701
0.718651
0.701407
0.701407
0.690011
0.690011
0.688840
0.688459
0.682676
0.682676
0.681245
0.674324
0.669530
0.668091
0.668091
0.629639
0.626457
0.626457
0.626457
0.588714
0.574313
0.565381
0.563360
0.531623
0.528436
0.526101
0.514929
0.508043
0.500384
0.491146
0.491146
0.485817
0.480164
0.480164
0.477780
0.475382
0.435630
0.435630
0.435437
0.417394
0.417100
0.416875
0.416875
0.413826
0.409021
0.388602
0.381770
0.377485
0.377485
0.364881
0.208219
0.208161
0.202981
0.196983
0.196411
0.196411
0.172139
0.156071
0.156071
0.151302
0.151302
0.145018
0.144902
0.144902
0.120843
0.111607
0.107455
0.107455
0.107272
0.102462
0.102049
0.102049
0.100753
0.097338
0.088958
0.086582
0.083876
0.083627
0.078129
0.073141
0.070926
0.069539
0.069539
0.069525
0.068808
0.068191
0.067830
0.063955
0.063785
0.063785
0.063633
0.063573
0.063067
0.059932
0.058324
0.057484
0.055525
0.050265
0.047357
0.047287
0.047132
0.046587
0.045473
0.044741
0.044522
0.043815
0.043198
0.043119
0.043119
0.043119
0.042414
0.042414
0.042414
0.042414
0.042095
0.041167
0.041167
0.041167
0.041167
0.041167
0.041167
0.040789
0.040789
0.040573
0.038948
0.038948
0.038948
0.038718
0.038651
0.037665
0.037299
0.037299
0.037290
0.037290
0.037290
0.037290
0.037290
0.037229
0.037229
0.037229
0.037091
0.037091
0.037091
0.036652
0.036645
0.036632
0.036632
0.036632
0.036632
0.036632
0.036557
0.036557
0.036557
0.036557
0.036557
0.036535
0.036535
0.036446
0.036446
0.036446
0.036444
0.036444
0.036444
0.036444
0.036444
0.036444
0.036435
0.036414
0.036414
0.036414
0.036414
0.036414
0.036414
0.036414
0.036414
0.036414
0.036414
0.036414
0.036414
0.036360
0.036360
0.036360
0.036231
0.036231
0.036231
0.036231
0.036231
0.036231
0.036231
0.036231
0.036231
0.036135
0.036135
0.036135
0.036135
0.036135
0.036135
0.036135
0.036135
0.036135
0.036135
0.036135
0.036135
0.036135
0.036135
0.036135
0.036135
0.036135
0.036135
0.036135
0.036135
0.036135
0.036135
0.036130
0.036130
0.036130
0.036130
0.036130
0.036130
0.036120
0.036120
0.036118
0.036118
0.036118
0.036118
0.036118
0.036118
0.036118
0.036118
0.036118
0.036072
0.035981
0.035981
0.035981
0.035981
0.035968
0.035968
0.035968
0.035968
0.035968
0.035968
0.035902
0.035902
0.035902
0.035902
0.035901
0.035901
0.035895
0.035895
0.035832
0.035832
0.035832
0.035832
0.035828
0.035814
0.035539
0.035539
0.035539
0.035539
0.035539
0.035539
0.035539
0.035539
0.035539
0.035539
0.035479
0.035479
0.035479
0.035479
0.035479
0.035467
0.035411
0.035411
0.035411
0.035378
0.035196
0.035196
0.035196
0.035068
0.035068
0.035068
0.035068
0.035068
0.035068
0.035068
0.035068
0.035068
0.035067
0.035067
0.035067
0.035069
0.035069
0.035069
0.035069
0.035069
0.035069
0.035069
0.035069
0.035069
0.035068
0.035068
0.035037
0.035037
0.035037
0.035037
0.035037
0.035037
0.035037
0.035037
0.035037
0.035037
0.035037
0.035037
0.035037
0.035037
0.035036
0.035006
0.035006
0.035006
0.035006
0.034940
0.034886
0.034833
0.034833
0.034833
0.034833
0.034833
0.034785
0.034785
0.034785
0.034785
0.034768
0.034735
0.034735
0.034728
0.034595
0.034595
0.034588
0.034588
0.034588
0.034588
0.034587
0.034587
0.034587
0.034587
0.034518
0.034518
0.034507
0.034507
0.034507
0.034507
0.034507
0.034507
0.034507
0.034507
0.034507
0.034507
0.034507
0.034507
0.034507
0.034507
0.034507
0.034507
0.034474
0.034428
0.034428
0.034428
0.034428
0.034384
0.034384
0.034384
0.034384
0.034384
0.033948
0.033948
0.033948
0.033665
0.033665
0.033665
0.033665
0.033665
0.033603
0.033603
0.033603
0.033577
0.033577
0.033522
0.033522
0.033522
0.033522
0.033522
0.033522
0.033522
0.033522
0.033522
0.033520
0.033520
0.033520
0.033520
0.033520
0.033520
0.033520
0.033520
0.033520
0.033520
0.033520
0.033520
0.033514
0.033514
0.033514
0.033514
0.033514
0.033514
0.033514
0.033506
0.033506
0.033456
0.033456
0.033456
0.033456
0.033330
0.033330
0.033330
0.033330
0.033330
0.033330
0.033330
0.033330
0.033330
0.033330
0.033293
0.033293
0.033293
0.033293
0.033293
0.033293
0.033293
0.033293
0.033266
0.033266
0.033266
0.033266
0.032850
0.032850
0.032850
0.032850
0.032850
0.032837
0.032837
0.032805
0.032805
0.032805
0.032805
0.032805
0.032805
0.032805
0.032805
0.032805
0.032805
0.032805
0.032798
0.032798
0.032798
0.032798
0.032798
0.032798
0.032798
0.032798
0.032798
0.032798
0.032798
0.032798
0.032798
0.032798
0.032782
0.032782
0.032782
0.032782
0.032762
0.032762
0.032762
0.032762
0.032762
0.032762
0.032762
0.032762
0.032762
0.032762
0.032762
0.032762
0.032762
0.032762
0.032762
0.032762
0.032762
0.032762
0.032762
0.032762
0.032762
0.032647
0.032647
0.032647
0.032647
0.032647
0.032541
0.032519
0.032519
0.032457
0.032457
0.032345
0.032345
0.032345
0.032277
0.032277
0.032277
0.032277
0.032267
0.032267
0.032267
0.032267
0.032149
0.032149
0.032149
0.032149
0.032149
0.031918
0.031918
0.031918
0.031918
0.031918
0.031908
0.031869
0.031869
0.031869
0.031869
0.031869
0.031869
0.031869
0.031869
0.031869
0.031869
0.031869
0.031869
0.031869
0.031869
0.031869
0.031869
0.031845
0.031845
0.031845
0.031845
0.031844
0.031835
0.031835
0.031835
0.031822
0.031822
0.031822
0.031737
0.031737
0.031736
0.031736
0.031736
0.031736
0.031736
0.031736
0.031736
0.031736
0.031736
0.031736
0.031736
0.031736
0.031736
0.031736
0.031584
0.031584
0.031584
0.031584
0.031506
0.031496
0.031496
0.031496
0.031496
0.031496
0.031469
0.031469
0.031403
0.031365
0.031365
0.031365
0.031365
0.031360
0.031275
0.031275
0.031275
0.031275
0.031275
0.031275
0.031275
0.031275
0.031275
0.031275
0.031275
0.031275
0.031275
0.031275
0.031275
0.031275
0.031275
0.031275
0.031275
0.031275
0.031275
0.031242
0.031189
0.031189
0.031189
0.030926
0.030926
0.030926
0.030926
0.030926
0.030926
0.030926
0.030916
0.030916
0.030916
0.030916
0.030916
0.030916
0.030916
0.030910
0.030910
0.030910
0.030910
0.030902
0.030902
0.030902
0.030902
0.030902
0.030778
0.030778
0.030765
0.030765
0.030705
0.030705
0.030705
0.030705
0.030705
0.030663
0.030663
0.030663
0.030663
0.030663
0.030663
0.030663
0.030663
0.030663
0.030663
0.030663
0.030663
0.030663
0.030663
0.030663
0.030663
0.030663
0.030663
0.030663
0.030663
0.030663
0.030663
0.030663
0.030663
0.030663
0.030659
0.030659
0.030647
0.030568
0.030568
0.030568
0.030568
0.030568
0.030568
0.030568
0.030568
0.030568
0.030568
0.030552
0.030552
0.030552
0.030552
0.030552
0.030552
0.030552
0.030552
0.030552
0.030552
0.030552
0.030531
0.030531
0.030531
0.030531
0.030531
0.030460
0.030443
0.030443
0.030443
0.030443
0.030443
0.030141
0.030110
0.030110
0.030110
0.030110
0.030110
0.030110
0.030110
0.030110
0.030110
0.030091
0.030091
0.030084
0.030084
0.030084
0.030084
0.030084
0.030084
0.030084
0.030084
0.030077
0.030077
0.030077
0.030077
0.030077
0.030077
0.030077
0.030077
0.030077
0.030077
0.030077
0.029798
0.029777
0.029777
0.029777
0.029777
0.029777
0.029777
0.029777
0.029777
0.029774
0.029774
0.029774
0.029774
0.029774
0.029774
0.029774
0.029760
0.029760
0.029760
0.029760
0.029757
0.029757
0.029756
0.029756
0.029756
0.029756
0.029756
0.029756
0.029756
0.029756
0.029756
0.029756
0.029756
0.029756
0.029756
0.029756
0.029756
0.029756
0.029756
0.029756
0.029756
0.029756
0.029438
0.029438
0.029329
0.029324
0.029220
0.029220
0.029220
0.029220
0.029220
0.029220
0.029215
0.029215
0.029215
0.029215
0.029215
0.029215
0.029215
0.029215
0.029212
0.029120
0.028997
0.028937
0.028910
0.028910
0.028910
0.028882
0.028882
0.028882
0.028882
0.028882
0.028882
0.028882
0.028882
0.028811
0.028811
0.028811
0.028811
0.028765
0.028765
0.028765
0.028765
0.028765
0.028765
0.028765
0.028760
0.028760
0.028760
0.028760
0.028760
0.028683
0.028683
0.028683
0.028683
0.028683
0.028661
0.028661
0.028661
0.028661
0.028661
0.028661
0.028661
0.028652
0.028652
0.028652
0.028652
0.028652
0.028652
0.028630
0.028630
0.028630
0.028579
0.028579
0.028579
0.028579
0.028579
0.028579
0.028579
0.028579
0.028579
0.028579
0.028579
0.028559
0.028552
0.028552
0.028552
0.028552
0.028547
0.028547
0.028547
0.028324
0.028324
0.028324
0.028324
0.028324
0.028324
0.028324
0.028324
0.028324
0.028324
0.028324
0.028324
0.028324
0.028314
0.028314
0.028314
0.028302
0.028302
0.028302
0.028302
0.028291
0.028291
0.028290
0.028290
0.028236
0.028236
0.028236
0.028236
0.028229
0.028229
0.028229
0.028229
0.028229
0.028229
0.028229
0.028229
0.028229
0.028229
0.028229
0.028229
0.028229
0.028225
0.028225
0.028225
0.028225
0.028225
0.028225
0.028208
0.028208
0.028208
0.028208
0.028192
0.028192
0.028192
0.028189
0.028189
0.028189
0.028189
0.028189
0.028189
0.028189
0.028189
0.028170
0.027986
0.027978
0.027978
0.027978
0.027978
0.027978
0.027978
0.027978
0.027978
0.027978
0.027978
0.027978
0.027978
0.027790
0.027790
0.027790
0.027790
0.027790
0.027790
0.027786
0.027786
0.027786
0.027786
0.027786
0.027760
0.027760
0.027760
0.027760
0.027760
0.027760
0.027755
0.027755
0.027755
0.027755
0.027755
0.027755
0.027755
0.027755
0.027755
0.027755
0.027755
0.027755
0.027755
0.027755
0.027755
0.027755
0.027755
0.027755
0.027755
0.027755
0.027755
0.027686
0.027686
0.027686
0.027673
0.027673
0.027673
0.027673
0.027673
0.027673
0.027673
0.027673
0.027673
0.027673
0.027673
0.027622
0.027608
0.027608
0.027567
0.027567
0.027521
0.027521
0.027521
0.027521
0.027521
0.027521
0.027063
0.027044
0.027044
0.027044
0.027044
0.027044
0.027044
0.027044
0.027044
0.027044
0.027044
0.027044
0.026922
0.026922
0.026922
0.026922
0.026921
0.026921
0.026921
0.026921
0.026921
0.026921
0.026921
0.026902
0.026851
0.026851
0.026851
0.026851
0.026851
0.026851
0.026851
0.026851
0.026851
0.026851
0.026851
0.026851
0.026851
0.026851
0.026851
0.026851
0.026851
0.026847
0.026843
0.026843
0.026843
0.026742
0.026742
0.026741
0.026603
0.026593
0.026593
0.026540
0.026540
0.026540
0.026540
0.026540
0.026531
0.026531
0.026530
0.026530
0.026530
0.026504
0.026504
0.026504
0.026504
0.026504
0.026486
0.026453
0.026453
0.026453
0.026453
0.026453
0.026453
0.026453
0.026453
0.026425
0.026425
0.026425
0.026367
0.026367
0.026365
0.026365
0.026365
0.026365
0.026362
0.026362
0.026362
0.026362
0.026344
0.026344
0.026344
0.026344
0.026344
0.026343
0.026343
0.026343
0.026343
0.026343
0.026343
0.026343
0.026343
0.026343
0.026343
0.026343
0.026343
0.026343
0.026343
0.026343
0.026343
0.026343
0.026343
0.026343
0.026343
0.026342
0.026342
0.026342
0.026342
0.026335
0.026333
0.026316
0.026316
0.026312
0.026312
0.026312
0.026312
0.026312
0.026312
0.026312
0.026312
0.026312
0.026312
0.026312
0.026312
0.026312
0.026312
0.026312
0.026312
0.026293
0.026293
0.026293
0.026293
0.026247
0.026247
0.026247
0.026247
0.026247
0.026224
0.026224
0.026224
0.026224
0.026224
0.026224
0.026224
0.026224
0.026224
0.026174
0.026174
0.026165
0.026165
0.026165
0.026165
0.026165
0.026165
0.026160
0.026160
0.026160
0.026155
0.026155
0.026155
0.026155
0.026155
0.026155
0.026155
0.026142
0.026142
0.026142
0.026142
0.026139
0.026136
0.026136
0.026136
0.026136
0.026136
0.026136
0.026136
0.026136
0.026136
0.026136
0.026136
0.026136
0.026136
0.026136
0.026136
0.026097
0.026097
0.026078
0.025922
0.025922
0.025922
0.025922
0.025922
0.025922
0.025922
0.025896
0.025896
0.025853
0.025853
0.025853
0.025853
0.025728
0.025713
0.025713
0.025713
0.025713
0.025713
0.025713
0.025713
0.025713
0.025713
0.025704
0.025704
0.025704
0.025704
0.025704
0.025675
0.025675
0.025660
0.025660
0.025416
0.025416
0.025416
0.025415
0.025415
0.025415
0.025318
0.025317
0.025317
0.025317
0.025317
0.025317
0.025317
0.025317
0.025317
0.025317
0.025317
0.025317
0.025234
0.025234
0.025234
0.025234
0.025234
0.025234
0.025234
0.025234
0.025211
0.025211
0.025211
0.025211
0.025211
0.025211
0.025210
0.025210
0.025210
0.025210
0.025210
0.025210
0.025210
0.025184
0.025146
0.025124
0.025124
0.025029
0.024997
0.024997
0.024997
0.024997
0.024997
0.024868
0.024868
0.024868
0.024868
0.024868
0.024867
0.024867
0.024867
0.024867
0.024856
0.024845
0.024837
0.024837
0.024837
0.024786
0.024786
0.024778
0.024778
0.024778
0.024778
0.024778
0.024778
0.024778
0.024778
0.024778
0.024758
0.024758
0.024739
0.024644
0.024644
0.024628
0.024628
0.024628
0.024628
0.024628
0.024628
0.024628
0.024623
0.024623
0.024623
0.024584
0.024584
0.024584
0.024584
0.024584
0.024584
0.024584
0.024584
0.024584
0.024584
0.024460
0.024460
0.024460
0.024460
0.024460
0.024460
0.024460
0.024460
0.024429
0.024429
0.024429
0.024429
0.024429
0.024429
0.024429
0.024429
0.024429
0.024429
0.024429
0.024398
0.024397
0.024386
0.024386
0.024281
0.024281
0.024281
0.024281
0.024268
0.024268
0.024268
0.024268
0.024258
0.024241
0.024241
0.024241
0.024241
0.024241
0.024241
0.024187
0.024148
0.024148
0.024148
0.024148
0.024148
0.024148
0.024148
0.024148
0.024148
0.024148
0.024148
0.024148
0.024148
0.024148
0.024148
0.024148
0.024148
0.024148
0.024148
0.024144
0.024144
0.024144
0.024144
0.024144
0.024144
0.024144
0.024144
0.024114
0.024114
0.024114
0.024109
0.024109
0.024109
0.024109
0.024080
0.024080
0.024080
0.024080
0.024080
0.024045
0.024045
0.024045
0.024041
0.024041
0.024041
0.024041
0.024041
0.023786
0.023786
0.023786
0.023775
0.023771
0.023771
0.023771
0.023771
0.023743
0.023743
0.023743
0.023743
0.023743
0.023737
0.023737
0.023737
0.023721
0.023721
0.023721
0.023721
0.023721
0.023721
0.023721
0.023721
0.023721
0.023718
0.023684
0.023642
0.023642
0.023642
0.023642
0.023642
0.023626
0.023626
0.023569
0.023569
0.023569
0.023569
0.023569
0.023568
0.023538
0.023538
0.023442
0.023423
0.023423
0.023423
0.023423
0.023423
0.023423
0.023423
0.023423
0.023423
0.023423
0.023423
0.023421
0.023421
0.023421
0.023421
0.023410
0.023410
0.023410
0.023410
0.023410
0.023410
0.023410
0.023410
0.023410
0.023410
0.023410
0.023395
0.023395
0.023390
0.023390
0.023390
0.023390
0.023390
0.023389
0.023389
0.023389
0.023389
0.023389
0.023389
0.023389
0.023389
0.023389
0.023389
0.023389
0.023333
0.023333
0.023333
0.023315
0.023276
0.023241
0.023241
0.023228
0.023223
0.023223
0.023223
0.023214
0.023193
0.023193
0.023193
0.023193
0.023193
0.023193
0.023193
0.023193
0.023193
0.023078
0.023078
0.023078
0.023078
0.023078
0.023078
0.023016
0.023016
0.023016
0.023016
0.023016
0.023014
0.023014
0.023014
0.023014
0.023014
0.022960
0.022960
0.022960
0.022935
0.022935
0.022935
0.022935
0.022877
0.022877
0.022877
0.022877
0.022877
0.022877
0.022877
0.022877
0.022840
0.022840
0.022840
0.022840
0.022840
0.022840
0.022836
0.022836
0.022836
0.022836
0.022836
0.022815
0.022815
0.022815
0.022815
0.022815
0.022815
0.022714
0.022714
0.022447
0.022447
0.022447
0.022447
0.022447
0.022447
0.022447
0.022447
0.022447
0.022447
0.022323
0.022296
0.022296
0.022296
0.022296
0.022296
0.022296
0.022296
0.022296
0.022296
0.022289
0.022289
0.022289
0.022289
0.022289
0.022289
0.022266
0.022158
0.022158
0.022137
0.022137
0.022136
0.022136
0.022132
0.022132
0.022132
0.022132
0.022132
0.022132
0.022132
0.022068
0.022068
0.022064
0.022060
0.022029
0.022029
0.022029
0.022029
0.022029
0.022029
0.022003
0.022003
0.022003
0.022003
0.022000
0.022000
0.021978
0.021978
0.021976
0.021976
0.021976
0.021976
0.021976
0.021976
0.021976
0.021976
0.021970
0.021970
0.021970
0.021970
0.021970
0.021970
0.021970
0.021966
0.021959
0.021959
0.021959
0.021959
0.021958
0.021958
0.021958
0.021958
0.021958
0.021930
0.021930
0.021930
0.021930
0.021930
0.021930
0.021930
0.021930
0.021930
0.021930
0.021887
0.021887
0.021887
0.021853
0.021853
0.021853
0.021853
0.021853
0.021853
0.021853
0.021853
0.021848
0.021848
0.021848
0.021848
0.021848
0.021788
0.021788
0.021788
0.021788
0.021788
0.021788
0.021788
0.021788
0.021788
0.021517
0.021517
0.021517
0.021517
0.021517
0.021517
0.021517
0.021517
0.021517
0.021517
0.021517
0.021517
0.021517
0.021517
0.021517
0.021517
0.021517
0.021517
0.021517
0.021517
0.021517
0.021517
0.021517
0.021517
0.021517
0.021517
0.021512
0.021489
0.021489
0.021489
0.021489
0.021489
0.021489
0.021489
0.021481
0.021481
0.021481
0.021481
0.021481
0.021481
0.021481
0.021481
0.021481
0.021480
0.021480
0.021480
0.021476
0.021476
0.021476
0.021476
0.021469
0.021469
0.021469
0.021469
0.021469
0.021469
0.021469
0.021468
0.021468
0.021468
0.021468
0.021468
0.021438
0.021438
0.021438
0.021438
0.021438
0.021438
0.021438
0.021438
0.021438
0.021438
0.021438
0.021426
0.021426
0.021426
0.021420
0.021420
0.021420
0.021420
0.021420
0.021420
0.021393
0.021393
0.021393
0.021393
0.021296
0.021296
0.021294
0.021294
0.021294
0.021294
0.021286
0.021280
0.021280
0.021280
0.021280
0.021280
0.021280
0.021280
0.021280
0.021280
0.021280
0.021280
0.021226
0.021225
0.021225
0.021225
0.021225
0.021225
0.021225
0.021225
0.021225
0.021225
0.021225
0.021196
0.021196
0.021187
0.021187
0.021187
0.021184
0.021184
0.021160
0.021160
0.021148
0.021148
0.021148
0.021148
0.021148
0.021093
0.021021
0.021021
0.021021
0.021021
0.021021
0.021021
0.021016
0.021016
0.021016
0.021016
0.021016
0.021016
0.021016
0.021016
0.021016
0.021016
0.021016
0.021016
0.021016
0.021016
0.021016
0.021010
0.021010
0.021010
0.021010
0.021010
0.021010
0.021010
0.021010
0.020961
0.020961
0.020961
0.020961
0.020961
0.020961
0.020961
0.020961
0.020961
0.020961
0.020961
0.020961
0.020944
0.020944
0.020944
0.020944
0.020944
0.020942
0.020931
0.020930
0.020930
0.020930
0.020925
0.020925
0.020925
0.020925
0.020854
0.020854
0.020854
0.020850
0.020850
0.020850
0.020850
0.020850
0.020850
0.020850
0.020840
0.020840
0.020840
0.020840
0.020798
0.020798
0.020798
0.020798
0.020798
0.020798
0.020798
0.020798
0.020798
0.020798
0.020798
0.020798
0.020798
0.020798
0.020798
0.020798
0.020798
0.020798
0.020793
0.020793
0.020793
0.020792
0.020792
0.020792
0.020792
0.020789
0.020745
0.020737
0.020737
0.020737
0.020737
0.020737
0.020736
0.020736
0.020736
0.020736
0.020736
0.020736
0.020736
0.020736
0.020736
0.020736
0.020723
0.020723
0.020723
0.020723
0.020723
0.020644
0.020644
0.020644
0.020644
0.020644
0.020644
0.020624
0.020624
0.020624
0.020624
0.020624
0.020624
0.020624
0.020624
0.020624
0.020606
0.020606
0.020606
0.020606
0.020606
0.020606
0.020606
0.020596
0.020596
0.020546
0.020546
0.020546
0.020546
0.020546
0.020546
0.020546
0.020546
0.020527
0.020517
0.020517
0.020515
0.020515
0.020515
0.020513
0.020504
0.020503
0.020503
0.020503
0.020503
0.020503
0.020503
0.020503
0.020496
0.020496
0.020496
0.020495
0.020495
0.020495
0.020495
0.020495
0.020495
0.020495
0.020495
0.020495
0.020495
0.020495
0.020495
0.020461
0.020461
0.020461
0.020457
0.020450
0.020450
0.020450
0.020335
0.020335
0.020335
0.020335
0.020335
0.020335
0.020335
0.020295
0.020160
0.020160
0.020119
0.020119
0.020119
0.020119
0.020113
0.020113
0.020113
0.020113
0.020113
0.020105
0.020105
0.020105
0.020105
0.020105
0.020073
0.020073
0.020073
0.020073
0.020073
0.020073
0.020073
0.020073
0.020003
0.020003
0.020003
0.020003
0.020000
0.020000
0.019968
0.019968
0.019968
0.019968
0.019949
0.019948
0.019948
0.019948
0.019948
0.019948
0.019948
0.019948
0.019948
0.019948
0.019911
0.019911
0.019911
0.019887
0.019887
0.019887
0.019887
0.019887
0.019886
0.019885
0.019885
0.019885
0.019863
0.019863
0.019863
0.019863
0.019850
0.019847
0.019823
0.019823
0.019823
0.019823
0.019823
0.019823
0.019823
0.019823
0.019645
0.019645
0.019645
0.019645
0.019640
0.019640
0.019640
0.019640
0.019639
0.019639
0.019639
0.019639
0.019639
0.019639
0.019639
0.019639
0.019638
0.019638
0.019638
0.019622
0.019578
0.019548
0.019548
0.019548
0.019548
0.019548
0.019548
0.019548
0.019548
0.019548
0.019533
0.019529
0.019529
0.019529
0.019529
0.019529
0.019529
0.019529
0.019524
0.019524
0.019524
0.019524
0.019524
0.019524
0.019515
0.019515
0.019509
0.019509
0.019498
0.019471
0.019471
0.019471
0.019471
0.019471
0.019471
0.019471
0.019471
0.019471
0.019471
0.019471
0.019471
0.019471
0.019471
0.019471
0.019471
0.019433
0.019433
0.019433
0.019433
0.019433
0.019433
0.019433
0.019433
0.019380
0.019380
0.019307
0.019307
0.019307
0.019307
0.019307
0.019307
0.019307
0.019286
0.019286
0.019286
0.019286
0.019286
0.019286
0.019286
0.019286
0.019286
0.019130
0.019130
0.019085
0.019056
0.019056
0.019056
0.019056
0.019056
0.019056
0.019056
0.019053
0.019053
0.019053
0.019053
0.019053
0.019053
0.019053
0.019037
0.019037
0.019034
0.019034
0.019034
0.019034
0.019034
0.019034
0.019034
0.019034
0.019034
0.019010
0.018987
0.018983
0.018983
0.018974
0.018974
0.018974
0.018974
0.018974
0.018974
0.018974
0.018974
0.018974
0.018919
0.018919
0.018895
0.018895
0.018895
0.018895
0.018892
0.018860
0.018860
0.018860
0.018860
0.018860
0.018860
0.018860
0.018860
0.018860
0.018858
0.018858
0.018852
0.018852
0.018852
0.018852
0.018852
0.018839
0.018839
0.018839
0.018839
0.018802
0.018777
0.018777
0.018777
0.018777
0.018777
0.018777
0.018777
0.018777
0.018771
0.018771
0.018771
0.018757
0.018755
0.018747
0.018747
0.018713
0.018713
0.018713
0.018713
0.018713
0.018705
0.018705
0.018705
0.018705
0.018705
0.018705
0.018705
0.018693
0.018693
0.018693
0.018674
0.018642
0.018642
0.018642
0.018642
0.018642
0.018642
0.018642
0.018642
0.018642
0.018642
0.018642
0.018638
0.018638
0.018638
0.018638
0.018636
0.018634
0.018634
0.018634
0.018634
0.018634
0.018634
0.018634
0.018634
0.018634
0.018634
0.018634
0.018634
0.018634
0.018634
0.018634
0.018634
0.018634
0.018634
0.018634
0.018613
0.018613
0.018613
0.018613
0.018613
0.018613
0.018613
0.018613
0.018613
0.018613
0.018613
0.018613
0.018613
0.018613
0.018613
0.018613
0.018613
0.018613
0.018613
0.018612
0.018588
0.018583
0.018583
0.018583
0.018579
0.018553
0.018553
0.018553
0.018553
0.018553
0.018553
0.018553
0.018553
0.018553
0.018553
0.018553
0.018553
0.018489
0.018489
0.018323
0.018323
0.018323
0.018317
0.018317
0.018317
0.018317
0.018317
0.018317
0.018317
0.018317
0.018317
0.018317
0.018317
0.018317
0.018317
0.018317
0.018317
0.018301
0.018301
0.018260
0.018260
0.018260
0.018257
0.018257
0.018257
0.018253
0.018253
0.018253
0.018253
0.018253
0.018253
0.018253
0.018253
0.018253
0.018253
0.018253
0.018253
0.018253
0.018253
0.018253
0.018253
0.018253
0.018253
0.018253
0.018253
0.018253
0.018253
0.018253
0.018253
0.018253
0.018253
0.018242
0.018242
0.018242
0.018242
0.018242
0.018242
0.018242
0.018215
0.018215
0.018215
0.018215
0.018215
0.018180
0.018180
0.018180
0.018180
0.018180
0.018180
0.018180
0.018180
0.018180
0.018180
0.018180
0.018180
0.018180
0.018180
0.018180
0.018180
0.018180
0.018110
0.018110
0.018110
0.018110
0.018110
0.018110
0.018110
0.018110
0.018110
0.018110
0.018102
0.018102
0.018088
0.018088
0.018088
0.018088
0.018088
0.018088
0.018088
0.018088
0.018088
0.018088
0.018088
0.018088
0.018085
0.018085
0.018085
0.018085
0.018085
0.018085
0.018085
0.018085
0.018085
0.018085
0.018085
0.018084
0.018084
0.018084
0.018084
0.018084
0.018084
0.018084
0.018059
0.018052
0.018052
0.018052
0.018052
0.018052
0.018052
0.018052
0.018051
0.018051
0.018051
0.018051
0.018050
0.018050
0.018050
0.018050
0.018050
0.018050
0.018050
0.018050
0.018050
0.018050
0.018015
0.018015
0.018015
0.018012
0.018012
0.018012
0.018012
0.018012
0.018012
0.018012
0.018012
0.018012
0.018012
0.018012
0.018012
0.018012
0.018012
0.018012
0.018012
0.018012
0.018012
0.018011
0.018011
0.018011
0.018011
0.018011
0.018011
0.018011
0.018011
0.018011
0.018011
0.018011
0.018011
0.018011
0.018011
0.018011
0.018006
0.018006
0.018006
0.018006
0.018004
0.018004
0.018004
0.018004
0.017980
0.017980
0.017980
0.017980
0.017979
0.017979
0.017979
0.017972
0.017972
0.017972
0.017972
0.017972
0.017956
0.017956
0.017956
0.017956
0.017915
0.017908
0.017908
0.017908
0.017907
0.017907
0.017906
0.017906
0.017906
0.017906
0.017906
0.017906
0.017906
0.017906
0.017894
0.017894
0.017894
0.017894
0.017893
0.017893
0.017893
0.017888
0.017888
0.017888
0.017888
0.017888
0.017888
0.017888
0.017888
0.017888
0.017888
0.017887
0.017856
0.017856
0.017856
0.017856
0.017856
0.017856
0.017856
0.017853
0.017853
0.017853
0.017853
0.017853
0.017853
0.017850
0.017850
0.017840
0.017840
0.017839
0.017839
0.017839
0.017828
0.017818
0.017818
0.017818
0.017818
0.017818
0.017796
0.017796
0.017796
0.017796
0.017795
0.017737
0.017735
0.017735
0.017732
0.017705
0.017657
0.017657
0.017657
0.017657
0.017655
0.017655
0.017655
0.017655
0.017655
0.017655
0.017655
0.017655
0.017655
0.017622
0.017622
0.017616
0.017616
0.017611
0.017611
0.017611
0.017611
0.017611
0.017611
0.017611
0.017611
0.017611
0.017608
0.017608
0.017607
0.017607
0.017607
0.017607
0.017607
0.017607
0.017607
0.017607
0.017607
0.017607
0.017601
0.017557
0.017557
0.017557
0.017557
0.017557
0.017557
0.017557
0.017557
0.017556
0.017547
0.017547
0.017547
0.017547
0.017547
0.017547
0.017547
0.017547
0.017547
0.017547
0.017547
0.017543
0.017543
0.017542
0.017542
0.017542
0.017542
0.017477
0.017477
0.017477
0.017477
0.017477
0.017416
0.017415
0.017410
0.017410
0.017410
0.017410
0.017410
0.017396
0.017396
0.017396
0.017396
0.017396
0.017396
0.017396
0.017396
0.017396
0.017396
0.017396
0.017396
0.017369
0.017369
0.017369
0.017369
0.017359
0.017357
0.017357
0.017357
0.017357
0.017357
0.017357
0.017357
0.017357
0.017357
0.017346
0.017346
0.017321
0.017321
0.017321
0.017321
0.017321
0.017321
0.017319
0.017319
0.017319
0.017319
0.017319
0.017319
0.017319
0.017319
0.017309
0.017289
0.017218
0.017218
0.017218
0.017218
0.017218
0.017218
0.017218
0.017218
0.017218
0.017218
0.017218
0.017186
0.017186
0.017186
0.017186
0.017186
0.017186
0.017186
0.017186
0.017186
0.017186
0.017186
0.017181
0.017181
0.017181
0.017181
0.017181
0.017181
0.017181
0.017181
0.017181
0.017181
0.017181
0.017181
0.017181
0.017180
0.017171
0.017171
0.017171
0.017171
0.017171
0.017164
0.017164
0.017164
0.017164
0.017164
0.017164
0.017164
0.017135
0.017128
0.017128
0.017128
0.017128
0.017127
0.017127
0.017127
0.017127
0.017087
0.017087
0.017087
0.017087
0.017051
0.017051
0.017051
0.017051
0.017051
0.017051
0.017051
0.017051
0.017051
0.017051
0.017051
0.017051
0.017051
0.017051
0.017051
0.017051
0.017051
0.017051
0.017051
0.017051
0.017051
0.017051
0.017050
0.017050
0.017050
0.017050
0.017050
0.017049
0.017007
0.017005
0.017005
0.017005
0.017005
0.016995
0.016995
0.016984
0.016984
0.016984
0.016984
0.016979
0.016979
0.016979
0.016979
0.016969
0.016969
0.016969
0.016967
0.016967
0.016967
0.016967
0.016967
0.016967
0.016967
0.016939
0.016939
0.016939
0.016930
0.016930
0.016930
0.016930
0.016930
0.016930
0.016930
0.016930
0.016930
0.016930
0.016930
0.016930
0.016895
0.016895
0.016894
0.016894
0.016894
0.016892
0.016892
0.016892
0.016892
0.016892
0.016892
0.016892
0.016892
0.016892
0.016892
0.016892
0.016892
0.016892
0.016892
0.016892
0.016892
0.016892
0.016892
0.016873
0.016873
0.016743
0.016743
0.016743
0.016739
0.016739
0.016739
0.016739
0.016739
0.016728
0.016728
0.016724
0.016724
0.016724
0.016724
0.016724
0.016724
0.016724
0.016724
0.016724
0.016718
0.016718
0.016713
0.016713
0.016713
0.016713
0.016706
0.016706
0.016706
0.016706
0.016706
0.016706
0.016704
0.016704
0.016704
0.016704
0.016704
0.016704
0.016704
0.016704
0.016704
0.016700
0.016700
0.016677
0.016677
0.016677
0.016677
0.016653
0.016653
0.016653
0.016653
0.016652
0.016652
0.016652
0.016652
0.016652
0.016578
0.016578
0.016578
0.016578
0.016578
0.016578
0.016578
0.016578
0.016578
0.016542
0.016542
0.016542
0.016542
0.016542
0.016542
0.016542
0.016542
0.016542
0.016542
0.016542
0.016534
0.016534
0.016534
0.016534
0.016534
0.016511
0.016511
0.016511
0.016511
0.016511
0.016502
0.016395
0.016369
0.016360
0.016360
0.016360
0.016360
0.016360
0.016360
0.016360
0.016342
0.016342
0.016342
0.016342
0.016329
0.016329
0.016329
0.016329
0.016329
0.016329
0.016329
0.016329
0.016329
0.016329
0.016329
0.016329
0.016325
0.016325
0.016325
0.016325
0.016325
0.016325
0.016325
0.016325
0.016325
0.016325
0.016325
0.016325
0.016325
0.016324
0.016324
0.016316
0.016316
0.016316
0.016316
0.016316
0.016316
0.016316
0.016316
0.016316
0.016316
0.016316
0.016316
0.016316
0.016316
0.016316
0.016316
0.016316
0.016315
0.016315
0.016315
0.016315
0.016315
0.016312
0.016312
0.016312
0.016312
0.016293
0.016293
0.016293
0.016293
0.016293
0.016286
0.016286
0.016285
0.016135
0.016135
0.016118
0.016118
0.016118
0.016118
0.016118
0.016118
0.016118
0.016118
0.016118
0.016118
0.016118
0.016118
0.016017
0.016013
0.016013
0.016013
0.016013
0.016013
0.016013
0.016013
0.016013
0.016013
0.016013
0.016013
0.016013
0.016013
0.016013
0.016013
0.016013
0.016012
0.016012
0.016012
0.016012
0.016012
0.016012
0.016012
0.016012
0.016012
0.016012
0.016012
0.016012
0.016012
0.016012
0.016012
0.016012
0.016012
0.016012
0.016012
0.016012
0.016012
0.016011
0.016011
0.016011
0.016009
0.016009
0.016009
0.016009
0.016009
0.016009
0.016008
0.016008
0.016008
0.016008
0.016008
0.016008
0.016008
0.016008
0.016008
0.016008
0.016008
0.016008
0.016008
0.016008
0.016008
0.016008
0.016008
0.016008
0.016008
0.016008
0.016008
0.016008
0.016008
0.015911
0.015889
0.015889
0.015889
0.015888
0.015888
0.015888
0.015885
0.015885
0.015878
0.015878
0.015878
0.015878
0.015878
0.015855
0.015855
0.015855
0.015855
0.015855
0.015855
0.015851
0.015851
0.015851
0.015851
0.015850
0.015850
0.015850
0.015850
0.015848
0.015848
0.015848
0.015848
0.015848
0.015848
0.015848
0.015848
0.015848
0.015848
0.015848
0.015848
0.015848
0.015848
0.015848
0.015848
0.015848
0.015848
0.015848
0.015848
0.015848
0.015848
0.015848
0.015834
0.015834
0.015834
0.015834
0.015834
0.015834
0.015834
0.015834
0.015834
0.015834
0.015770
0.015756
0.015753
0.015753
0.015744
0.015729
0.015729
0.015729
0.015729
0.015725
0.015725
0.015725
0.015725
0.015717
0.015717
0.015717
0.015700
0.015700
0.015700
0.015695
0.015695
0.015695
0.015695
0.015691
0.015691
0.015691
0.015691
0.015691
0.015691
0.015691
0.015691
0.015691
0.015691
0.015691
0.015691
0.015691
0.015691
0.015691
0.015665
0.015665
0.015665
0.015627
0.015627
0.015627
0.015627
0.015627
0.015625
0.015625
0.015620
0.015620
0.015620
0.015620
0.015620
0.015620
0.015620
0.015620
0.015620
0.015620
0.015620
0.015619
0.015619
0.015619
0.015619
0.015619
0.015619
0.015619
0.015619
0.015619
0.015619
0.015619
0.015619
0.015607
0.015607
0.015607
0.015607
0.015607
0.015607
0.015607
0.015607
0.015607
0.015607
0.015607
0.015595
0.015595
0.015544
0.015544
0.015544
0.015538
0.015521
0.015521
0.015521
0.015520
0.015518
0.015518
0.015518
0.015498
0.015498
0.015498
0.015498
0.015497
0.015497
0.015497
0.015497
0.015497
0.015497
0.015497
0.015470
0.015470
0.015470
0.015470
0.015470
0.015470
0.015470
0.015468
0.015468
0.015468
0.015468
0.015468
0.015468
0.015468
0.015468
0.015468
0.015468
0.015468
0.015468
0.015467
0.015467
0.015467
0.015467
0.015467
0.015467
0.015446
0.015436
0.015436
0.015434
0.015434
0.015434
0.015434
0.015434
0.015434
0.015434
0.015434
0.015434
0.015434
0.015434
0.015434
0.015433
0.015423
0.015423
0.015423
0.015423
0.015423
0.015423
0.015423
0.015423
0.015423
0.015353
0.015353
0.015353
0.015353
0.015353
0.015353
0.015353
0.015353
0.015344
0.015344
0.015344
0.015340
0.015340
0.015340
0.015300
0.015300
0.015300
0.015300
0.015300
0.015290
0.015290
0.015290
0.015290
0.015288
0.015288
0.015288
0.015288
0.015288
0.015288
0.015288
0.015288
0.015288
0.015288
0.015288
0.015288
0.015288
0.015288
0.015288
0.015288
0.015288
0.015288
0.015219
0.015219
0.015219
0.015219
0.015219
0.015219
0.015219
0.015219
0.015219
0.015219
0.015219
0.015219
0.015219
0.015219
0.015219
0.015219
0.015219
0.015219
0.015219
0.015219
0.015219
0.015219
0.015219
0.015166
0.015166
0.015166
0.015137
0.015137
0.015137
0.015136
0.015136
0.015136
0.015136
0.015136
0.015136
0.015128
0.015128
0.015128
0.015128
0.015128
0.015081
0.015070
0.015070
0.015070
0.015070
0.015070
0.015069
0.015069
0.015069
0.015040
0.015040
0.015040
0.015040
0.015019
0.015019
0.014995
0.014995
0.014995
0.014995
0.014995
0.014995
0.014995
0.014995
0.014995
0.014991
0.014991
0.014991
0.014991
0.014991
0.014991
0.014991
0.014991
0.014991
0.014991
0.014991
0.014991
0.014987
0.014980
0.014979
0.014979
0.014979
0.014958
0.014958
0.014958
0.014958
0.014958
0.014958
0.014958
0.014953
0.014953
0.014953
0.014953
0.014953
0.014953
0.014953
0.014953
0.014953
0.014953
0.014953
0.014953
0.014953
0.014953
0.014953
0.014953
0.014953
0.014953
0.014947
0.014944
0.014944
0.014944
0.014944
0.014944
0.014944
0.014930
0.014930
0.014929
0.014929
0.014929
0.014929
0.014921
0.014921
0.014921
0.014921
0.014921
0.014921
0.014921
0.014921
0.014921
0.014921
0.014921
0.014921
0.014915
0.014915
0.014915
0.014915
0.014915
0.014915
0.014878
0.014878
0.014878
0.014878
0.014878
0.014878
0.014878
0.014877
0.014874
0.014874
0.014874
0.014869
0.014825
0.014825
0.014714
0.014711
0.014711
0.014711
0.014711
0.014711
0.014704
0.014704
0.014704
0.014704
0.014704
0.014696
0.014696
0.014696
0.014696
0.014696
0.014696
0.014696
0.014696
0.014683
0.014683
0.014681
0.014681
0.014681
0.014681
0.014681
0.014681
0.014666
0.014666
0.014665
0.014665
0.014665
0.014665
0.014665
0.014665
0.014665
0.014665
0.014665
0.014665
0.014664
0.014664
0.014664
0.014664
0.014660
0.014660
0.014660
0.014660
0.014656
0.014656
0.014656
0.014656
0.014656
0.014656
0.014656
0.014656
0.014656
0.014651
0.014651
0.014651
0.014651
0.014651
0.014651
0.014651
0.014651
0.014651
0.014645
0.014645
0.014645
0.014636
0.014636
0.014636
0.014636
0.014636
0.014636
0.014636
0.014636
0.014636
0.014636
0.014636
0.014636
0.014636
0.014635
0.014606
0.014606
0.014606
0.014606
0.014606
0.014571
0.014571
0.014571
0.014571
0.014571
0.014571
0.014571
0.014566
0.014566
0.014563
0.014563
0.014563
0.014563
0.014563
0.014563
0.014559
0.014559
0.014559
0.014559
0.014559
0.014559
0.014559
0.014559
0.014559
0.014559
0.014559
0.014559
0.014559
0.014559
0.014559
0.014559
0.014559
0.014559
0.014559
0.014559
0.014549
0.014549
0.014549
0.014549
0.014547
0.014544
0.014540
0.014525
0.014525
0.014525
0.014525
0.014523
0.014523
0.014523
0.014523
0.014523
0.014521
0.014521
0.014521
0.014516
0.014516
0.014516
0.014516
0.014513
0.014513
0.014513
0.014513
0.014513
0.014513
0.014513
0.014513
0.014513
0.014513
0.014513
0.014513
0.014513
0.014513
0.014493
0.014493
0.014493
0.014493
0.014455
0.014455
0.014455
0.014455
0.014455
0.014455
0.014455
0.014455
0.014455
0.014433
0.014433
0.014433
0.014433
0.014433
0.014433
0.014433
0.014433
0.014433
0.014433
0.014433
0.014433
0.014417
0.014417
0.014417
0.014417
0.014417
0.014417
0.014417
0.014417
0.014409
0.014409
0.014409
0.014370
0.014370
0.014359
0.014359
0.014359
0.014359
0.014196
0.014196
0.014194
0.014194
0.014194
0.014180
0.014180
0.014180
0.014180
0.014180
0.014177
0.014177
0.014175
0.014175
0.014175
0.014174
0.014174
0.014174
0.014173
0.014165
0.014157
0.014157
0.014157
0.014157
0.014157
0.014157
0.014157
0.014157
0.014157
0.014157
0.014157
0.014131
0.014129
0.014129
0.014129
0.014129
0.014128
0.014128
0.014128
0.014090
0.014090
0.014090
0.014090
0.014090
0.014090
0.014090
0.014086
0.014086
0.014086
0.014061
0.014061
0.014061
0.014061
0.014061
0.014061
0.014061
0.014061
0.014061
0.014061
0.014061
0.014061
0.014061
0.014061
0.014061
0.014061
0.014061
0.014061
0.014059
0.014056
0.014056
0.014056
0.014055
0.014055
0.014055
0.014055
0.014032
0.014032
0.014032
0.014032
0.014032
0.014032
0.014032
0.014032
0.014032
0.014022
0.014022
0.014022
0.014022
0.014022
0.014022
0.014022
0.014022
0.014022
0.014022
0.014022
0.014022
0.014022
0.014022
0.014005
0.014005
0.013993
0.013993
0.013993
0.013993
0.013993
0.013993
0.013993
0.013993
0.013993
0.013987
0.013971
0.013971
0.013971
0.013971
0.013971
0.013971
0.013971
0.013971
0.013967
0.013967
0.013964
0.013964
0.013964
0.013964
0.013964
0.013964
0.013964
0.013964
0.013964
0.013955
0.013955
0.013955
0.013955
0.013955
0.013955
0.013955
0.013955
0.013955
0.013955
0.013955
0.013955
0.013945
0.013945
0.013945
0.013945
0.013945
0.013945
0.013945
0.013945
0.013945
0.013945
0.013945
0.013945
0.013945
0.013945
0.013945
0.013945
0.013945
0.013945
0.013938
0.013938
0.013935
0.013935
0.013931
0.013931
0.013931
0.013931
0.013931
0.013931
0.013931
0.013931
0.013931
0.013931
0.013931
0.013931
0.013931
0.013931
0.013931
0.013925
0.013925
0.013925
0.013922
0.013922
0.013922
0.013886
0.013886
0.013886
0.013886
0.013886
0.013886
0.013886
0.013886
0.013886
0.013886
0.013886
0.013886
0.013886
0.013834
0.013834
0.013832
0.013832
0.013832
0.013832
0.013819
0.013819
0.013819
0.013819
0.013819
0.013819
0.013819
0.013799
0.013799
0.013782
0.013782
0.013782
0.013771
0.013771
0.013771
0.013770
0.013765
0.013765
0.013765
0.013765
0.013765
0.013765
0.013762
0.013762
0.013762
0.013762
0.013762
0.013762
0.013748
0.013748
0.013742
0.013742
0.013742
0.013707
0.013707
0.013707
0.013707
0.013707
0.013707
0.013707
0.013707
0.013707
0.013707
0.013707
0.013707
0.013707
0.013707
0.013703
0.013701
0.013701
0.013701
0.013701
0.013701
0.013701
0.013701
0.013701
0.013701
0.013701
0.013701
0.013701
0.013701
0.013701
0.013690
0.013690
0.013690
0.013690
0.013668
0.013668
0.013668
0.013668
0.013668
0.013668
0.013668
0.013668
0.013668
0.013668
0.013668
0.013668
0.013627
0.013627
0.013627
0.013615
0.013615
0.013615
0.013615
0.013485
0.013485
0.013485
0.013485
0.013477
0.013477
0.013450
0.013434
0.013434
0.013434
0.013434
0.013434
0.013434
0.013434
0.013434
0.013434
0.013434
0.013434
0.013434
0.013434
0.013434
0.013434
0.013434
0.013434
0.013429
0.013429
0.013429
0.013429
0.013429
0.013398
0.013398
0.013398
0.013366
0.013366
0.013366
0.013366
0.013364
0.013364
0.013364
0.013338
0.013338
0.013338
0.013338
0.013338
0.013311
0.013311
0.013311
0.013311
0.013311
0.013245
0.013245
0.013245
0.013245
0.013245
0.013245
0.013245
0.013245
0.013237
0.013237
0.013237
0.013118
0.013118
0.013106
0.013106
0.013106
0.013106
0.013057
0.013057
0.013057
0.013057
0.013057
0.013046
0.013037
0.013037
0.013037
0.013037
0.013037
0.013037
0.013037
0.013037
0.013037
0.013037
0.013037
0.013037
0.013037
0.013037
0.013037
0.013037
0.013037
0.013037
0.013015
0.013015
0.013008
0.013008
0.013008
0.013008
0.013008
0.013008
0.013008
0.013008
0.013008
0.013008
0.013008
0.013008
0.013008
0.013008
0.013008
0.013008
0.013008
0.013008
0.013008
0.013008
0.012993
0.012993
0.012993
0.012993
0.012993
0.012993
0.012993
0.012990
0.012990
0.012990
0.012990
0.012990
0.012981
0.012981
0.012981
0.012977
0.012977
0.012977
0.012977
0.012977
0.012977
0.012977
0.012977
0.012977
0.012977
0.012977
0.012977
0.012977
0.012977
0.012977
0.012977
0.012977
0.012977
0.012977
0.012977
0.012977
0.012977
0.012977
0.012977
0.012977
0.012977
0.012977
0.012977
0.012977
0.012977
0.012977
0.012977
0.012977
0.012977
0.012977
0.012974
0.012974
0.012974
0.012974
0.012974
0.012974
0.012974
0.012974
0.012974
0.012974
0.012974
0.012974
0.012974
0.012974
0.012974
0.012974
0.012974
0.012974
0.012974
0.012974
0.012974
0.012974
0.012974
0.012951
0.012951
0.012922
0.012922
0.012906
0.012906
0.012894
0.012894
0.012894
0.012860
0.012860
0.012860
0.012860
0.012860
0.012860
0.012786
0.012783
0.012783
0.012783
0.012783
0.012783
0.012783
0.012783
0.012783
0.012783
0.012783
0.012783
0.012783
0.012783
0.012782
0.012782
0.012782
0.012782
0.012782
0.012782
0.012782
0.012782
0.012782
0.012782
0.012782
0.012782
0.012782
0.012780
0.012780
0.012770
0.012770
0.012770
0.012770
0.012752
0.012752
0.012752
0.012708
0.012708
0.012708
0.012708
0.012708
0.012708
0.012708
0.012708
0.012708
0.012708
0.012708
0.012708
0.012702
0.012702
0.012702
0.012702
0.012702
0.012696
0.012696
0.012696
0.012696
0.012696
0.012696
0.012696
0.012696
0.012696
0.012695
0.012695
0.012695
0.012682
0.012682
0.012682
0.012682
0.012682
0.012682
0.012682
0.012682
0.012682
0.012682
0.012682
0.012682
0.012682
0.012682
0.012682
0.012682
0.012682
0.012682
0.012682
0.012682
0.012682
0.012682
0.012682
0.012682
0.012682
0.012682
0.012583
0.012583
0.012583
0.012581
0.012581
0.012581
0.012581
0.012581
0.012577
0.012577
0.012570
0.012570
0.012549
0.012549
0.012549
0.012549
0.012549
0.012549
0.012549
0.012549
0.012549
0.012549
0.012549
0.012549
0.012549
0.012549
0.012549
0.012542
0.012542
0.012542
0.012542
0.012542
0.012542
0.012542
0.012542
0.012542
0.012542
0.012542
0.012542
0.012542
0.012542
0.012542
0.012542
0.012542
0.012542
0.012542
0.012542
0.012542
0.012541
0.012541
0.012541
0.012541
0.012541
0.012541
0.012541
0.012541
0.012541
0.012541
0.012541
0.012541
0.012541
0.012541
0.012541
0.012541
0.012541
0.012541
0.012541
0.012541
0.012541
0.012541
0.012541
0.012541
0.012541
0.012541
0.012541
0.012541
0.012541
0.012541
0.012541
0.012541
0.012540
0.012540
0.012540
0.012540
0.012540
0.012529
0.012529
0.012529
0.012529
0.012529
0.012529
0.012529
0.012529
0.012529
0.012529
0.012529
0.012529
0.012529
0.012529
0.012529
0.012529
0.012529
0.012529
0.012529
0.012529
0.012529
0.012529
0.012526
0.012526
0.012526
0.012526
0.012526
0.012526
0.012526
0.012526
0.012526
0.012526
0.012434
0.012434
0.012434
0.012434
0.012434
0.012434
0.012434
0.012433
0.012433
0.012433
0.012433
0.012433
0.012433
0.012433
0.012433
0.012433
0.012433
0.012431
0.012431
0.012431
0.012431
0.012417
0.012417
0.012417
0.012391
0.012391
0.012391
0.012391
0.012391
0.012391
0.012391
0.012391
0.012391
0.012391
0.012390
0.012305
0.012305
0.012305
0.012305
0.012305
0.012305
0.012305
0.012305
0.012300
0.012285
0.012285
0.012285
0.012285
0.012285
0.012285
0.012285
0.012283
0.012283
0.012283
0.012283
0.012283
0.012283
0.012283
0.012283
0.012283
0.012283
0.012283
0.012283
0.012283
0.012283
0.012260
0.012260
0.012260
0.012260
0.012260
0.012258
0.012258
0.012258
0.012258
0.012258
0.012258
0.012258
0.012258
0.012258
0.012258
0.012258
0.012255
0.012255
0.012255
0.012255
0.012255
0.012255
0.012255
0.012255
0.012255
0.012254
0.012254
0.012254
0.012050
0.012050
0.012050
0.012050
0.012050
0.012050
0.012050
0.012050
0.012043
0.012043
0.012042
0.012042
0.012042
0.012042
0.012042
0.012042
0.012042
0.012042
0.012042
0.012042
0.012042
0.012042
0.012042
0.012042
0.012042
0.012042
0.012042
0.012042
0.012042
0.012042
0.012042
0.012042
0.012042
0.012042
0.012042
0.012042
0.012042
0.012034
0.012034
0.012030
0.012030
0.012030
0.012030
0.012030
0.012030
0.012030
0.012030
0.012025
0.012025
0.012025
0.012025
0.012025
0.012025
0.012025
0.012025
0.012025
0.012025
0.012025
0.012025
0.012025
0.012010
0.012010
0.012010
0.012010
0.012010
0.012010
0.012010
0.012010
0.012010
0.012003
0.012003
0.012003
0.012003
0.012003
0.012003
0.012003
0.012003
0.012003
0.011957
0.011957
0.011957
0.011957
0.011957
0.011957
0.011957
0.011957
0.011957
0.011957
0.011957
0.011932
0.011932
0.011932
0.011932
0.011931
0.011929
0.011929
0.011924
0.011924
0.011924
0.011924
0.011924
0.011924
0.011924
0.011924
0.011923
0.011923
0.011923
0.011923
0.011923
0.011923
0.011923
0.011923
0.011923
0.011919
0.011919
0.011904
0.011904
0.011904
0.011901
0.011901
0.011901
0.011901
0.011891
0.011887
0.011887
0.011887
0.011887
0.011887
0.011887
0.011885
0.011885
0.011885
0.011885
0.011885
0.011885
0.011879
0.011879
0.011879
0.011879
0.011876
0.011876
0.011876
0.011876
0.011876
0.011876
0.011876
0.011876
0.011876
0.011876
0.011876
0.011876
0.011876
0.011876
0.011876
0.011876
0.011876
0.011876
0.011876
0.011876
0.011876
0.011876
0.011876
0.011876
0.011876
0.011876
0.011876
0.011839
0.011837
0.011837
0.011837
0.011837
0.011837
0.011837
0.011835
0.011835
0.011835
0.011835
0.011835
0.011834
0.011834
0.011834
0.011834
0.011834
0.011834
0.011834
0.011834
0.011834
0.011834
0.011834
0.011834
0.011802
0.011801
0.011801
0.011801
0.011801
0.011801
0.011801
0.011801
0.011801
0.011801
0.011801
0.011801
0.011801
0.011801
0.011801
0.011801
0.011794
0.011794
0.011794
0.011794
0.011794
0.011794
0.011794
0.011794
0.011794
0.011794
0.011794
0.011794
0.011785
0.011769
0.011769
0.011769
0.011769
0.011730
0.011721
0.011721
0.011721
0.011721
0.011721
0.011721
0.011694
0.011694
0.011694
0.011694
0.011694
0.011694
0.011694
0.011694
0.011694
0.011694
0.011694
0.011694
0.011692
0.011692
0.011692
0.011692
0.011692
0.011677
0.011677
0.011677
0.011677
0.011677
0.011677
0.011677
0.011677
0.011677
0.011677
0.011677
0.011677
0.011677
0.011677
0.011675
0.011674
0.011673
0.011673
0.011673
0.011673
0.011673
0.011668
0.011668
0.011668
0.011668
0.011661
0.011661
0.011661
0.011661
0.011661
0.011661
0.011661
0.011661
0.011661
0.011650
0.011650
0.011636
0.011636
0.011636
0.011636
0.011636
0.011636
0.011636
0.011636
0.011636
0.011636
0.011636
0.011632
0.011631
0.011599
0.011587
0.011587
0.011587
0.011587
0.011587
0.011587
0.011587
0.011587
0.011587
0.011587
0.011587
0.011587
0.011587
0.011587
0.011587
0.011587
0.011587
0.011587
0.011587
0.011587
0.011587
0.011587
0.011587
0.011587
0.011587
0.011587
0.011587
0.011587
0.011587
0.011587
0.011587
0.011587
0.011587
0.011587
0.011587
0.011587
0.011587
0.011587
0.011587
0.011587
0.011587
0.011587
0.011587
0.011587
0.011562
0.011562
0.011562
0.011562
0.011562
0.011562
0.011562
0.011562
0.011562
0.011562
0.011469
0.011469
0.011469
0.011469
0.011469
0.011465
0.011465
0.011465
0.011465
0.011465
0.011465
0.011465
0.011465
0.011465
0.011465
0.011457
0.011456
0.011456
0.011456
0.011456
0.011456
0.011450
0.011450
0.011450
0.011450
0.011450
0.011450
0.011450
0.011450
0.011450
0.011443
0.011443
0.011443
0.011443
0.011443
0.011443
0.011443
0.011443
0.011443
0.011443
0.011443
0.011443
0.011443
0.011443
0.011442
0.011421
0.011421
0.011421
0.011421
0.011421
0.011421
0.011421
0.011421
0.011421
0.011421
0.011421
0.011421
0.011421
0.011421
0.011420
0.011420
0.011418
0.011418
0.011417
0.011417
0.011416
0.011416
0.011416
0.011416
0.011414
0.011414
0.011414
0.011414
0.011414
0.011414
0.011414
0.011414
0.011350
0.011350
0.011350
0.011350
0.011350
0.011350
0.011350
0.011350
0.011350
0.011337
0.011337
0.011337
0.011337
0.011337
0.011337
0.011337
0.011337
0.011337
0.011337
0.011337
0.011336
0.011336
0.011336
0.011336
0.011320
0.011320
0.011320
0.011320
0.011320
0.011320
0.011318
0.011318
0.011318
0.011318
0.011318
0.011318
0.011317
0.011317
0.011317
0.011317
0.011317
0.011317
0.011317
0.011317
0.011317
0.011317
0.011317
0.011317
0.011317
0.011317
0.011317
0.011317
0.011317
0.011317
0.011317
0.011317
0.011317
0.011315
0.011313
0.011313
0.011313
0.011313
0.011313
0.011313
0.011244
0.011244
0.011238
0.011238
0.011238
0.011238
0.011238
0.011238
0.011224
0.011220
0.011220
0.011220
0.011220
0.011196
0.011196
0.011196
0.011196
0.011196
0.011196
0.011196
0.011196
0.011196
0.011196
0.011196
0.011196
0.011196
0.011166
0.011166
0.011166
0.011166
0.011166
0.011166
0.011166
0.011166
0.011166
0.011166
0.011166
0.011166
0.011166
0.011166
0.011166
0.011166
0.011146
0.011146
0.011146
0.011146
0.011146
0.011141
0.011141
0.011140
0.011140
0.011140
0.011140
0.011140
0.011140
0.011140
0.011139
0.011139
0.011139
0.011139
0.011139
0.011139
0.011139
0.011139
0.011139
0.011139
0.011139
0.011139
0.011139
0.011139
0.011139
0.011139
0.011132
0.011132
0.011132
0.011132
0.011126
0.011126
0.011126
0.011126
0.011126
0.011126
0.011126
0.011126
0.011126
0.011126
0.011126
0.011126
0.011126
0.011126
0.011126
0.011126
0.011126
0.011126
0.011126
0.011126
0.011126
0.011126
0.011114
0.011111
0.011111
0.011111
0.011111
0.011111
0.011111
0.011111
0.011111
0.011111
0.011111
0.011111
0.011111
0.011111
0.011111
0.011111
0.011111
0.011111
0.011111
0.011111
0.011111
0.011111
0.011111
0.011111
0.011111
0.011110
0.011110
0.011110
0.011110
0.011110
0.011110
0.011110
0.011110
0.011077
0.011077
0.011077
0.011077
0.011077
0.011077
0.011076
0.011076
0.011076
0.011076
0.011076
0.011076
0.011076
0.011076
0.011076
0.011076
0.011076
0.011076
0.011076
0.011076
0.011053
0.011039
0.011036
0.011036
0.011036
0.011036
0.011036
0.011036
0.011036
0.011036
0.011036
0.011036
0.011036
0.011036
0.011036
0.011036
0.011036
0.011036
0.011036
0.011036
0.011036
0.011036
0.011036
0.011036
0.011036
0.011036
0.011036
0.011036
0.011036
0.011036
0.011023
0.011023
0.011023
0.011023
0.011023
0.011023
0.011023
0.011023
0.011023
0.011023
0.011023
0.011023
0.011023
0.011023
0.011018
0.011018
0.011018
0.011018
0.011018
0.011012
0.011012
0.011012
0.011012
0.010976
0.010976
0.010922
0.010922
0.010922
0.010922
0.010922
0.010922
0.010815
0.010815
0.010815
0.010815
0.010815
0.010815
0.010815
0.010815
0.010815
0.010815
0.010815
0.010815
0.010815
0.010815
0.010815
0.010815
0.010815
0.010798
0.010798
0.010797
0.010797
0.010797
0.010797
0.010793
0.010793
0.010793
0.010793
0.010793
0.010793
0.010793
0.010793
0.010792
0.010792
0.010792
0.010792
0.010792
0.010792
0.010792
0.010792
0.010792
0.010790
0.010790
0.010790
0.010790
0.010790
0.010790
0.010790
0.010790
0.010788
0.010788
0.010788
0.010788
0.010788
0.010788
0.010788
0.010788
0.010788
0.010788
0.010788
0.010788
0.010788
0.010788
0.010788
0.010788
0.010788
0.010788
0.010786
0.010786
0.010786
0.010786
0.010786
0.010786
0.010786
0.010786
0.010786
0.010786
0.010786
0.010786
0.010786
0.010780
0.010780
0.010765
0.010765
0.010765
0.010765
0.010765
0.010765
0.010765
0.010765
0.010765
0.010765
0.010765
0.010765
0.010765
0.010765
0.010765
0.010761
0.010761
0.010761
0.010761
0.010761
0.010761
0.010761
0.010761
0.010755
0.010725
0.010725
0.010725
0.010725
0.010725
0.010713
0.010713
0.010713
0.010713
0.010713
0.010713
0.010713
0.010713
0.010713
0.010711
0.010711
0.010711
0.010711
0.010711
0.010700
0.010700
0.010700
0.010700
0.010700
0.010700
0.010700
0.010700
0.010700
0.010700
0.010698
0.010698
0.010698
0.010632
0.010632
0.010632
0.010632
0.010632
0.010632
0.010632
0.010632
0.010632
0.010628
0.010628
0.010628
0.010628
0.010628
0.010628
0.010628
0.010628
0.010628
0.010628
0.010628
0.010628
0.010628
0.010628
0.010622
0.010622
0.010621
0.010620
0.010620
0.010620
0.010604
0.010604
0.010604
0.010604
0.010604
0.010604
0.010604
0.010604
0.010604
0.010604
0.010604
0.010604
0.010604
0.010604
0.010604
0.010604
0.010603
0.010603
0.010603
0.010603
0.010603
0.010603
0.010599
0.010599
0.010599
0.010599
0.010599
0.010599
0.010599
0.010599
0.010599
0.010599
0.010599
0.010599
0.010599
0.010599
0.010599
0.010599
0.010599
0.010599
0.010599
0.010597
0.010597
0.010597
0.010597
0.010597
0.010594
0.010594
0.010594
0.010594
0.010594
0.010594
0.010584
0.010584
0.010584
0.010584
0.010584
0.010584
0.010584
0.010584
0.010579
0.010579
0.010558
0.010558
0.010558
0.010558
0.010558
0.010558
0.010558
0.010558
0.010558
0.010558
0.010556
0.010555
0.010555
0.010555
0.010555
0.010555
0.010554
0.010554
0.010554
0.010554
0.010541
0.010541
0.010541
0.010514
0.010513
0.010513
0.010513
0.010513
0.010513
0.010513
0.010513
0.010513
0.010508
0.010508
0.010508
0.010493
0.010493
0.010493
0.010493
0.010493
0.010493
0.010493
0.010493
0.010493
0.010493
0.010493
0.010493
0.010493
0.010493
0.010493
0.010493
0.010493
0.010482
0.010482
0.010482
0.010482
0.010482
0.010482
0.010482
0.010444
0.010444
0.010444
0.010444
0.010444
0.010420
0.010420
0.010420
0.010420
0.010420
0.010420
0.010420
0.010420
0.010420
0.010420
0.010420
0.010420
0.010420
0.010420
0.010420
0.010420
0.010420
0.010420
0.010411
0.010408
0.010408
0.010408
0.010408
0.010408
0.010408
0.010408
0.010408
0.010408
0.010408
0.010408
0.010408
0.010408
0.010408
0.010401
0.010401
0.010401
0.010401
0.010401
0.010401
0.010401
0.010393
0.010390
0.010379
0.010379
0.010296
0.010296
0.010296
0.010296
0.010296
0.010291
0.010281
0.010281
0.010281
0.010281
0.010281
0.010281
0.010274
0.010259
0.010259
0.010259
0.010259
0.010255
0.010255
0.010255
0.010255
0.010255
0.010255
0.010248
0.010239
0.010239
0.010239
0.010239
0.010239
0.010239
0.010239
0.010239
0.010239
0.010239
0.010237
0.010233
0.010233
0.010233
0.010233
0.010233
0.010233
0.010233
0.010233
0.010233
0.010233
0.010233
0.010233
0.010233
0.010233
0.010229
0.010229
0.010229
0.010229
0.010229
0.010229
0.010229
0.010229
0.010229
0.010229
0.010229
0.010218
0.010218
0.010218
0.010218
0.010218
0.010218
0.010218
0.010218
0.010218
0.010218
0.010218
0.010218
0.010218
0.010218
0.010218
0.010218
0.010218
0.010218
0.010218
0.010218
0.010218
0.010218
0.010218
0.010218
0.010218
0.010218
0.010218
0.010217
0.010217
0.010217
0.010217
0.010217
0.010217
0.010217
0.010217
0.010217
0.010217
0.010217
0.010214
0.010214
0.010214
0.010214
0.010196
0.010196
0.010196
0.010194
0.010194
0.010194
0.010194
0.010193
0.010193
0.010193
0.010193
0.010193
0.010193
0.010193
0.010193
0.010193
0.010193
0.010193
0.010193
0.010193
0.010193
0.010192
0.010180
0.010180
0.010180
0.010180
0.010178
0.010178
0.010178
0.010170
0.010170
0.010170
0.010170
0.010170
0.010170
0.010168
0.010168
0.010168
0.010168
0.010168
0.010168
0.010168
0.010168
0.010168
0.010168
0.010168
0.010168
0.010168
0.010168
0.010168
0.010168
0.010168
0.010168
0.010168
0.010168
0.010168
0.010168
0.010168
0.010168
0.010168
0.010168
0.010168
0.010168
0.010168
0.010168
0.010168
0.010167
0.010167
0.010167
0.010167
0.010167
0.010167
0.010167
0.010158
0.010155
0.010155
0.010155
0.010155
0.010154
0.010154
0.010154
0.010154
0.010154
0.010153
0.010153
0.010153
0.010153
0.010153
0.010153
0.010153
0.010153
0.010153
0.010145
0.010145
0.010136
0.010136
0.010136
0.010136
0.010136
0.010136
0.010136
0.010136
0.010123
0.010123
0.010123
0.010123
0.010123
0.010123
0.010122
0.010122
0.010121
0.010121
0.010121
0.010050
0.010050
0.010050
0.010046
0.010046
0.010046
0.010034
0.010034
0.010034
0.010034
0.010034
0.010034
0.010034
0.010034
0.010034
0.010034
0.010034
0.010034
0.010034
0.010034
0.009747
0.009730
0.009730
0.009730
0.009730
0.009730
0.009718
0.009718
0.009718
0.009718
0.009718
0.009718
0.009708
0.009708
0.009708
0.009705
0.009704
0.009704
0.009704
0.009704
0.009704
0.009704
0.009704
0.009704
0.009704
0.009704
0.009704
0.009704
0.009704
0.009704
0.009704
0.009704
0.009704
0.009704
0.009703
0.009703
0.009703
0.009702
0.009702
0.009702
0.009702
0.009702
0.009699
0.009699
0.009677
0.009677
0.009677
0.009643
0.009643
0.009643
0.009643
0.009620
0.009620
0.009620
0.009620
0.009620
0.009620
0.009620
0.009615
0.009615
0.009615
0.009615
0.009615
0.009615
0.009615
0.009615
0.009615
0.009615
0.009615
0.009613
0.009613
0.009613
0.009613
0.009613
0.009613
0.009613
0.009613
0.009613
0.009613
0.009613
0.009613
0.009613
0.009613
0.009613
0.009613
0.009613
0.009613
0.009613
0.009613
0.009613
0.009613
0.009613
0.009613
0.009613
0.009613
0.009613
0.009613
0.009613
0.009613
0.009613
0.009613
0.009606
0.009586
0.009586
0.009584
0.009584
0.009584
0.009584
0.009584
0.009584
0.009582
0.009577
0.009564
0.009564
0.009564
0.009564
0.009562
0.009562
0.009562
0.009559
0.009559
0.009559
0.009559
0.009559
0.009559
0.009545
0.009527
0.009527
0.009527
0.009527
0.009527
0.009527
0.009527
0.009527
0.009527
0.009527
0.009511
0.009511
0.009511
0.009511
0.009511
0.009500
0.009499
0.009499
0.009486
0.009486
0.009486
0.009486
0.009484
0.009484
0.009481
0.009481
0.009481
0.009481
0.009481
0.009481
