0.000000	0.044393	0.044393	0.047603	0.047603
1.000000	0.043311	0.044393	0.053841	0.046298
1.414214	0.042254	0.044393	0.057426	0.057426
1.732051	0.041224	0.044393	0.057426	0.057426
2.000000	0.040218	0.044393	0.049744	0.049744
2.236068	0.039238	0.044393	0.053347	0.055308
2.449490	0.038281	0.044393	0.053347	0.055308
2.828427	0.036436	0.044393	0.050621	0.050621
3.000000	0.035547	0.044393	0.050621	0.050621
3.162278	0.034681	0.080374	0.044215	0.044215
3.316625	0.033835	0.080374	0.044215	0.044215
3.464102	0.033010	0.044393	0.044393	0.047601
3.605551	0.032204	0.044393	0.044393	0.044393
3.741657	0.031419	0.044393	0.044353	0.044353
4.000000	0.029905	0.044393	0.042511	0.042511
4.123106	0.029176	0.044393	0.039026	0.041968
4.242641	0.028464	0.044393	0.039026	0.039026
4.358899	0.027770	0.044393	0.040962	0.040962
4.472136	0.027093	0.044393	0.040962	0.040962
4.582576	0.026432	0.000000	0.040962	0.038312
4.690416	0.025787	0.000000	0.032978	0.030668
4.898979	0.024545	0.000000	0.032948	0.032948
5.000000	0.023946	0.000000	0.032989	0.032928
5.099020	0.023362	0.000000	0.032989	0.032928
5.196152	0.022792	0.000000	0.033136	0.033136
5.385165	0.021694	0.000000	0.030442	0.030442
5.477226	0.021165	0.000000	0.030031	0.030031
5.656854	0.020145	0.000000	0.027452	0.027452
5.744563	0.019654	0.000000	0.027452	0.027452
5.830952	0.019175	0.000000	0.027755	0.027755
5.916080	0.018707	0.000000	0.025036	0.025036
6.000000	0.018251	0.000000	0.024030	0.026087
6.082763	0.017806	0.000000	0.024030	0.026087
6.164414	0.017371	0.000000	0.024030	0.024030
6.324555	0.016534	0.000000	0.022940	0.022940
6.403124	0.016131	0.000000	0.022940	0.022940
6.480741	0.015738	0.000000	0.023270	0.023270
6.557439	0.015354	0.000000	0.023270	0.023270
6.633250	0.014979	0.000000	0.020649	0.020649
6.708204	0.014614	0.000000	0.021415	0.021415
6.782330	0.014258	0.000000	0.021415	0.021415
6.928203	0.013571	0.000000	0.019886	0.019886
7.000000	0.013240	0.000000	0.020841	0.020841
7.071068	0.012917	0.000000	0.017532	0.017532
7.141428	0.012602	0.000000	0.017532	0.017532
7.211103	0.012294	0.000000	0.017532	0.015868
7.280110	0.011995	0.000000	0.016728	0.016728
7.348469	0.011702	0.000000	0.017000	0.017000
7.483315	0.011138	0.000000	0.011447	0.011402
7.549834	0.010866	0.000000	0.015184	0.015184
7.615773	0.010601	0.000000	0.015317	0.015317
7.681146	0.010343	0.000000	0.015317	0.015317
7.810250	0.009845	0.000000	0.013246	0.009878
7.874008	0.009604	0.000000	0.014540	0.014540
8.000000	0.009142	0.000000	0.013927	0.013927
8.062258	0.008919	0.000000	0.013927	0.013927
8.124038	0.008701	0.000000	0.013353	0.013353
8.185353	0.008489	0.000000	0.013353	0.013353
8.246211	0.008282	0.000000	0.010553	0.010553
8.306624	0.008080	0.000000	0.011170	0.011170
8.366600	0.007883	0.000000	0.012017	0.012017
8.485281	0.007503	0.000000	0.011222	0.011252
8.544004	0.007320	0.000000	0.011222	0.014589
8.602325	0.007142	0.000000	0.010715	0.010715
8.660254	0.006967	0.000000	0.012150	0.012150
8.717798	0.006797	0.000000	0.007771	0.007771
8.774964	0.006632	0.000000	0.007771	0.007771
8.831761	0.006470	0.000000	0.007771	0.010861
8.944272	0.006158	0.000000	0.008811	0.008811
9.000000	0.006008	0.000000	0.008811	0.008811
9.055385	0.005861	0.000000	0.009450	0.008821
9.110434	0.005719	0.000000	0.009450	0.007741
9.165151	0.005579	0.000000	0.010003	0.010003
9.219544	0.005443	0.000000	0.007487	0.007487
9.273618	0.005310	0.000000	0.007953	0.007953
9.380832	0.005054	0.000000	0.007797	0.006439
9.433981	0.004931	0.000000	0.007797	0.007797
9.486833	0.004811	0.000000	0.006262	0.006262
9.539392	0.004693	0.000000	0.005172	0.003694
9.643651	0.004467	0.000000	0.005869	0.005869
9.695360	0.004358	0.000000	0.006881	0.006881
9.797959	0.004148	0.000000	0.006076	0.006084
9.848858	0.004047	0.000000	0.006076	0.006076
9.899495	0.003949	0.000000	0.005088	0.006381
9.949874	0.003852	0.000000	0.005537	0.005537
10.000000	0.003758	0.000000	0.003898	0.003898
10.049876	0.003667	0.000000	0.010086	0.005331
10.099505	0.003577	0.000000	0.010086	0.005415
10.198039	0.003405	0.000000	0.002449	0.002449
10.246951	0.003322	0.000000	0.002449	0.002449
10.295630	0.003241	0.000000	0.004988	0.004988
10.344080	0.003162	0.000000	0.004988	0.002301
10.392305	0.003085	0.000000	0.004988	0.002301
10.440307	0.003009	0.000000	0.003283	0.003283
10.488088	0.002936	0.000000	0.003283	0.003283
10.630146	0.002726	0.000000	0.003926	0.003926
10.677078	0.002660	0.000000	0.000929	0.003926
10.723805	0.002595	0.000000	0.000597	0.000500
10.770330	0.002532	0.000000	0.000597	0.000500
10.816654	0.002470	0.000000	0.002987	0.002987
10.862780	0.002410	0.000000	0.002987	0.001568
11.000000	0.002238	0.000000	0.004602	0.004602
11.045361	0.002183	0.000000	0.002685	0.002685
11.090537	0.002130	0.000000	0.002685	0.002879
11.180340	0.002027	0.000000	0.003131	0.003131
11.224972	0.001978	0.000000	0.003131	0.003840
11.313708	0.001882	0.000000	0.001416	0.001416
11.357817	0.001837	0.000000	0.001416	0.001416
11.401754	0.001792	0.000000	0.001506	0.001271
11.445523	0.001748	0.000000	0.002948	0.002948
11.489125	0.001705	0.000000	0.001690	0.001286
11.532563	0.001664	0.000000	0.001890	0.001890
11.575837	0.001623	0.000000	0.001890	0.001867
11.661904	0.001545	0.000000	0.000085	0.001869
11.704700	0.001507	0.000000	0.001772	0.003059
11.747340	0.001471	0.000000	0.002000	0.001928
11.789826	0.001435	0.000000	0.002000	0.001964
11.916375	0.001332	0.000000	0.004451	0.004451
12.000000	0.001268	0.000000	0.000110	0.000110
12.041595	0.001237	0.000000	0.001117	0.001117
12.083046	0.001207	0.000000	0.001711	0.001244
12.124356	0.001178	0.000000	0.001507	0.001507
12.206556	0.001121	0.000000	0.000147	0.000090
12.369317	0.001015	0.000000	0.001245	0.001438
12.409674	0.000991	0.000000	0.002113	0.002140
12.449900	0.000967	0.000000	0.003316	0.003316
12.688578	0.000833	0.000000	0.002056	0.001138
12.727922	0.000813	0.000000	0.000231	0.000232
12.767145	0.000793	0.000000	0.000231	0.000231
12.806248	0.000774	0.000000	0.000485	0.000192
12.884099	0.000737	0.000000	0.001134	0.000875
13.038405	0.000667	0.000000	0.001151	0.001151
13.076697	0.000651	0.000000	0.001151	0.001151
13.304135	0.000561	0.000000	0.000118	0.000062
13.341664	0.000548	0.000000	0.002185	0.002185
13.379088	0.000534	0.000000	0.000272	0.000272
13.453624	0.000509	0.000000	0.001532	0.001532
13.674794	0.000439	0.000000	0.002202	0.002425
13.856406	0.000388	0.000000	0.000188	0.000385
13.928388	0.000369	0.000000	0.000498	0.000498
14.071247	0.000334	0.000000	0.003157	0.003523
14.456832	0.000255	0.000000	0.000710	0.000710
14.525839	0.000242	0.000000	0.001592	0.001789
15.033296	0.000167	0.000000	0.000823	0.000823
15.588457	0.000110	0.000000	0.001281	0.001281
