1.000000
1.000000
1.000000
0.996814
0.995608
0.986927
0.949385
0.932081
0.930144
0.914825
0.914870
0.906572
0.895534
0.856494
0.852910
0.833440
0.813343
0.741388
0.740009
0.731873
0.731873
0.730502
0.730502
0.727217
0.727313
0.727313
0.725172
0.725172
0.724088
0.719518
0.705518
0.700096
0.700096
0.697813
0.697813
0.687058
0.686373
0.686373
0.686373
0.676439
0.658486
0.658486
0.644609
0.643506
0.643506
0.643506
0.643506
0.642137
0.642137
0.613737
0.613298
0.605062
0.605062
0.587582
0.587582
0.583746
0.583746
0.583746
0.583746
0.583746
0.583746
0.583746
0.581240
0.581240
0.581240
0.581240
0.581240
0.581240
0.577844
0.577844
0.575135
0.575135
0.575135
0.575135
0.574427
0.572091
0.564176
0.564176
0.564176
0.564197
0.559534
0.559534
0.559534
0.559534
0.559534
0.559534
0.559534
0.550013
0.550013
0.541446
0.541446
0.541446
0.541446
0.541446
0.541446
0.533784
0.533784
0.533784
0.533571
0.533571
0.533571
0.530002
0.527270
0.527270
0.527270
0.527270
0.527270
0.524723
0.524723
0.524723
0.524723
0.524723
0.524723
0.524479
0.524479
0.524479
0.524479
0.524479
0.520542
0.519378
0.519378
0.518951
0.518951
0.518924
0.518924
0.513179
0.509675
0.509675
0.509675
0.509675
0.509675
0.509675
0.509675
0.509675
0.509675
0.509030
0.509030
0.509030
0.509030
0.504769
0.500725
0.500725
0.500725
0.500725
0.500725
0.500725
0.498910
0.498910
0.498910
0.492036
0.492036
0.492036
0.492036
0.492036
0.492036
0.492036
0.492036
0.492036
0.492036
0.492036
0.492036
0.492036
0.492036
0.492036
0.492036
0.492036
0.491450
0.491450
0.490956
0.490956
0.490768
0.490768
0.490768
0.490768
0.490768
0.490768
0.490768
0.489866
0.485074
0.483295
0.480127
0.479383
0.479383
0.477618
0.477618
0.477618
0.476325
0.476325
0.476325
0.476325
0.476325
0.476325
0.476325
0.471588
0.471588
0.471588
0.471588
0.471588
0.471588
0.471588
0.471588
0.469225
0.469225
0.469225
0.462440
0.461611
0.461611
0.461611
0.461611
0.460126
0.460126
0.460081
0.459783
0.459783
0.459783
0.459783
0.456964
0.456964
0.456736
0.456736
0.456291
0.456291
0.456291
0.456291
0.456291
0.456291
0.456291
0.456291
0.455104
0.455104
0.455104
0.455104
0.454934
0.454934
0.454934
0.454934
0.454934
0.454934
0.454934
0.454934
0.452607
0.452607
0.448664
0.448664
0.448664
0.448664
0.448664
0.448664
0.448664
0.448664
0.448664
0.448664
0.448664
0.448664
0.448664
0.448664
0.448664
0.448664
0.448664
0.448664
0.448664
0.448664
0.448225
0.448225
0.448207
0.448207
0.445774
0.445774
0.445774
0.445774
0.445774
0.443869
0.443587
0.443594
0.443594
0.443594
0.443256
0.443256
0.443256
0.443256
0.443256
0.439357
0.439357
0.439357
0.439357
0.439357
0.439357
0.439357
0.439357
0.439357
0.439357
0.439357
0.439357
0.439357
0.439357
0.439357
0.439357
0.439357
0.439357
0.439357
0.439357
0.439357
0.439357
0.439357
0.439357
0.439357
0.439357
0.439357
0.439357
0.439357
0.439357
0.439357
0.439357
0.439357
0.439357
0.439357
0.439357
0.436900
0.433360
0.433360
0.433360
0.433305
0.433305
0.432029
0.432029
0.427494
0.427494
0.427494
0.427494
0.427494
0.427494
0.427494
0.427494
0.426743
0.426743
0.426743
0.426743
0.426743
0.426536
0.426536
0.422351
0.421050
0.421050
0.421050
0.421050
0.420223
0.420223
0.420223
0.420223
0.420223
0.420223
0.420223
0.420223
0.420223
0.420223
0.420223
0.420223
0.419735
0.419735
0.419735
0.419735
0.416862
0.416862
0.416862
0.416817
0.416817
0.416817
0.416817
0.416817
0.416817
0.416817
0.416817
0.416817
0.416817
0.416817
0.416817
0.416813
0.416813
0.416227
0.416227
0.416227
0.416227
0.416227
0.416227
0.416227
0.416227
0.416227
0.416227
0.416227
0.416227
0.416227
0.416227
0.416227
0.416227
0.416227
0.416227
0.416227
0.416227
0.416227
0.416227
0.416227
0.416227
0.416227
0.416227
0.416227
0.415909
0.415909
0.415909
0.415909
0.414456
0.411911
0.411179
0.411179
0.411179
0.411179
0.411179
0.411179
0.411179
0.411179
0.411179
0.408769
0.408769
0.408769
0.408769
0.402165
0.402165
0.402008
0.402008
0.402008
0.401999
0.401999
0.401999
0.401999
0.401999
0.401886
0.401885
0.401885
0.401885
0.401885
0.401885
0.401885
0.401885
0.401885
0.401885
0.401885
0.401885
0.401856
0.401856
0.401856
0.401856
0.401856
0.401075
0.401075
0.401075
0.401075
0.401075
0.400651
0.400651
0.398867
0.395460
0.395460
0.395460
0.395460
0.395460
0.395330
0.395330
0.391730
0.391657
0.390737
0.390737
0.390737
0.390737
0.390737
0.389885
0.389885
0.389885
0.389885
0.389404
0.389404
0.389404
0.389404
0.389404
0.389404
0.388397
0.388397
0.388397
0.388397
0.388397
0.388397
0.388397
0.388397
0.388140
0.388140
0.388140
0.388140
0.388140
0.388140
0.388140
0.388140
0.385858
0.385858
0.385858
0.385858
0.385858
0.385858
0.385858
0.385858
0.385858
0.385858
0.385858
0.385858
0.385858
0.385858
0.385858
0.385858
0.385858
0.385858
0.385858
0.385858
0.385858
0.385858
0.385858
0.385858
0.385858
0.385858
0.382250
0.382250
0.381792
0.381792
0.381792
0.381792
0.381792
0.380684
0.380684
0.380684
0.380684
0.380684
0.380684
0.380684
0.379798
0.379798
0.377325
0.377325
0.377325
0.376474
0.376474
0.376474
0.376474
0.376474
0.376474
0.376474
0.376474
0.376474
0.376474
0.376474
0.376474
0.376474
0.376474
0.376474
0.376474
0.376474
0.376474
0.376474
0.376474
0.376474
0.376474
0.376490
0.376490
0.373982
0.369820
0.369820
0.369820
0.369820
0.369820
0.369820
0.369820
0.369820
0.369820
0.369820
0.369820
0.369820
0.369820
0.369820
0.369460
0.369460
0.369460
0.369460
0.369460
0.369460
0.369460
0.369460
0.369460
0.369460
0.369460
0.369460
0.369460
0.369460
0.368125
0.368125
0.368125
0.366652
0.366652
0.366652
0.366652
0.366652
0.366652
0.366652
0.366652
0.366652
0.366652
0.366652
0.366652
0.366652
0.366652
0.366652
0.366652
0.366652
0.366652
0.366652
0.366652
0.366652
0.366652
0.366652
0.366126
0.366126
0.366126
0.366126
0.366126
0.366126
0.365869
0.365869
0.365337
0.365337
0.365337
0.365337
0.362451
0.362451
0.362094
0.362094
0.362094
0.362094
0.362094
0.362094
0.360824
0.359112
0.359112
0.359112
0.357689
0.357689
0.357689
0.357689
0.357689
0.357689
0.357689
0.357689
0.357689
0.357689
0.357689
0.357689
0.357689
0.357689
0.357689
0.357517
0.357517
0.357517
0.357517
0.354409
0.354409
0.354409
0.354409
0.354409
0.354409
0.354409
0.354409
0.353093
0.353093
0.352400
0.352400
0.352400
0.352400
0.352400
0.352400
0.350962
0.350962
0.350962
0.350962
0.350962
0.350962
0.350962
0.350962
0.350393
0.350393
0.350393
0.350393
0.349678
0.349678
0.349678
0.349678
0.349678
0.349678
0.349678
0.349678
0.349678
0.349678
0.349678
0.349678
0.349678
0.349678
0.349678
0.349678
0.349678
0.349678
0.349678
0.349678
0.349678
0.349678
0.349678
0.349678
0.349678
0.349678
0.349678
0.349678
0.349678
0.349678
0.349678
0.349678
0.349678
0.349678
0.349678
0.349678
0.349678
0.349678
0.349678
0.349678
0.349678
0.349678
0.349678
0.349678
0.349678
0.348562
0.348562
0.348562
0.348222
0.348222
0.348222
0.348222
0.348222
0.348222
0.348222
0.348222
0.348222
0.348222
0.348222
0.348222
0.348222
0.348222
0.348222
0.347351
0.347351
0.347351
0.347351
0.347351
0.347351
0.347351
0.347351
0.347266
0.347266
0.347266
0.347266
0.345047
0.343313
0.343313
0.343313
0.343313
0.343313
0.343313
0.343227
0.343227
0.343227
0.343227
0.343227
0.343227
0.343227
0.343227
0.343227
0.343227
0.343227
0.343227
0.343227
0.343227
0.343227
0.343227
0.343227
0.343227
0.343227
0.343227
0.343227
0.343227
0.343227
0.343227
0.343227
0.343227
0.342122
0.342122
0.342122
0.342122
0.342122
0.342122
0.342122
0.342122
0.342122
0.342122
0.342122
0.342122
0.342122
0.342122
0.342122
0.342122
0.342122
0.342122
0.342122
0.342122
0.342122
0.342122
0.342122
0.342122
0.342110
0.342110
0.342110
0.342110
0.342110
0.342110
0.342110
0.342110
0.342110
0.342110
0.342110
0.342110
0.342110
0.342110
0.342110
0.342110
0.342110
0.342110
0.342110
0.342110
0.342110
0.342110
0.342110
0.342110
0.342110
0.342110
0.342110
0.342110
0.342110
0.342110
0.342110
0.342110
0.342110
0.342110
0.342110
0.342110
0.342110
0.342110
0.342110
0.342110
0.342110
0.342110
0.342110
0.342110
0.342110
0.342110
0.342110
0.342110
0.342110
0.342110
0.342110
0.342110
0.342110
0.342110
0.342110
0.342110
0.342110
0.342110
0.342110
0.342110
0.342110
0.342110
0.342110
0.342110
0.342110
0.342110
0.342110
0.342110
0.342110
0.342110
0.342110
0.342110
0.342110
0.342110
0.342110
0.342110
0.342110
0.342110
0.342110
0.342110
0.342110
0.342110
0.342110
0.342110
0.342110
0.342110
0.342110
0.342110
0.342110
0.342110
0.342110
0.342110
0.342110
0.342110
0.342110
0.342110
0.342110
0.342110
0.342110
0.342110
0.342110
0.342110
0.342110
0.342110
0.342110
0.342110
0.342110
0.342110
0.342110
0.342110
0.342110
0.342110
0.342110
0.342110
0.342110
0.342110
0.342110
0.342110
0.342110
0.342110
0.342110
0.342110
0.342110
0.341994
0.341994
0.341994
0.341994
0.341994
0.341994
0.341994
0.341994
0.341994
0.341483
0.341483
0.341483
0.341483
0.341483
0.341483
0.341483
0.341483
0.341483
0.341483
0.341483
0.341483
0.341483
0.341483
0.341483
0.341483
0.341483
0.341483
0.341483
0.341483
0.341483
0.341483
0.341483
0.341483
0.341483
0.341483
0.341483
0.341483
0.341483
0.341483
0.341483
0.341483
0.341483
0.341483
0.341483
0.341483
0.341483
0.341483
0.341483
0.341483
0.341483
0.341483
0.341483
0.341483
0.341483
0.341483
0.341483
0.341483
0.341483
0.341483
0.341483
0.341064
0.341065
0.341065
0.341065
0.341065
0.341065
0.341065
0.341065
0.341065
0.341065
0.341065
0.341065
0.340964
0.340964
0.340964
0.340964
0.340964
0.340964
0.340964
0.340964
0.340964
0.340964
0.340964
0.340964
0.340964
0.340964
0.340964
0.340964
0.340964
0.340964
0.340964
0.340964
0.340964
0.340964
0.340964
0.340964
0.340964
0.340964
0.340964
0.340964
0.340964
0.340964
0.340964
0.340964
0.340964
0.340964
0.340964
0.340964
0.340964
0.340964
0.340964
0.340964
0.340964
0.340964
0.340960
0.340955
0.340955
0.340955
0.340955
0.340955
0.340955
0.340955
0.340955
0.340955
0.340955
0.340955
0.340951
0.340951
0.340951
0.340951
0.340951
0.340951
0.340951
0.340951
0.340951
0.340911
0.340911
0.340911
0.340911
0.340911
0.340911
0.340911
0.340913
0.340913
0.340913
0.340913
0.340913
0.340913
0.340913
0.340913
0.340913
0.340913
0.340913
0.340913
0.340913
0.340913
0.340913
0.340913
0.340913
0.340913
0.340913
0.340913
0.340913
0.340913
0.340913
0.340913
0.340913
0.340913
0.340913
0.340913
0.340913
0.340913
0.340913
0.340913
0.340913
0.340913
0.340913
0.340913
0.340913
0.340913
0.340913
0.340913
0.340913
0.340913
0.340913
0.340913
0.340913
0.340913
0.340913
0.340913
0.340913
0.340913
0.340913
0.340913
0.340913
0.340913
0.340913
0.340913
0.340913
0.340913
0.340913
0.340913
0.340913
0.340913
0.340913
0.340913
0.340913
0.340913
0.340913
0.340913
0.340913
0.340913
0.340913
0.340913
0.340913
0.340913
0.340913
0.340913
0.340913
0.340913
0.340913
0.340913
0.340913
0.340913
0.340913
0.340913
0.340913
0.340913
0.340913
0.340913
0.340913
0.340913
0.340913
0.340913
0.340913
0.340913
0.340913
0.340913
0.340913
0.340913
0.340913
0.340913
0.340913
0.340913
0.340913
0.340913
0.340913
0.340913
0.340913
0.340913
0.340913
0.340913
0.340913
0.340913
0.340913
0.340913
0.340913
0.340913
0.340913
0.340913
0.340913
0.340913
0.340913
0.340913
0.340913
0.340913
0.340913
0.340913
0.340913
0.340913
0.340913
0.340913
0.340913
0.340913
0.340913
0.340913
0.340913
0.340913
0.340913
0.340913
0.340913
0.340913
0.340913
0.340913
0.340913
0.340913
0.340913
0.340913
0.340913
0.340913
0.340913
0.340913
0.340913
0.340913
0.340913
0.340913
0.340913
0.340913
0.340913
0.340913
0.340913
0.340913
0.340913
0.340913
0.340913
0.340913
0.340913
0.340913
0.340913
0.340913
0.340913
0.340913
0.340913
0.340913
0.340913
0.340913
0.340913
0.340913
0.340913
0.340913
0.340913
0.340913
0.340913
0.340231
0.338747
0.338747
0.338747
0.338437
0.338437
0.338437
0.337082
0.337082
0.337082
0.337082
0.337082
0.337082
0.337082
0.337082
0.337082
0.337082
0.337082
0.337082
0.337082
0.336410
0.336410
0.336410
0.336410
0.336410
0.336410
0.336410
0.336410
0.336410
0.332770
0.332770
0.332770
0.332770
0.330323
0.328501
0.327941
0.327580
0.327580
0.326701
0.326701
0.326701
0.326701
0.326701
0.326701
0.326701
0.326520
0.326344
0.326344
0.326344
0.325548
0.325548
0.325548
0.324585
0.324585
0.324585
0.322978
0.317817
0.316346
0.316086
0.316086
0.316086
0.316086
0.316086
0.316086
0.316086
0.316086
0.316086
0.316086
0.316086
0.316086
0.316086
0.316086
0.316086
0.316086
0.316086
0.316086
0.315276
0.315276
0.315276
0.315276
0.315276
0.315276
0.315276
0.315276
0.315276
0.315276
0.315276
0.314110
0.314110
0.314110
0.314110
0.314110
0.314110
0.314110
0.313828
0.313828
0.313828
0.313828
0.313208
0.313208
0.313208
0.313208
0.313208
0.313208
0.313208
0.313208
0.313208
0.313158
0.313158
0.313158
0.313158
0.313158
0.313158
0.313158
0.313158
0.313158
0.313158
0.313041
0.313041
0.313041
0.313041
0.313041
0.312408
0.312408
0.312408
0.312408
0.312408
0.312408
0.312408
0.312408
0.312408
0.312408
0.312408
0.312408
0.312408
0.312408
0.312408
0.312408
0.312408
0.312207
0.312207
0.312101
0.312101
0.312101
0.312101
0.312101
0.312101
0.312101
0.310583
0.310583
0.310583
0.310161
0.310161
0.310161
0.309911
0.309911
0.309911
0.308816
0.308816
0.308816
0.308816
0.308816
0.308816
0.308816
0.308816
0.308816
0.308816
0.308816
0.308816
0.308816
0.308816
0.308816
0.308816
0.308816
0.308816
0.308540
0.308540
0.308540
0.308540
0.308540
0.308540
0.308540
0.308540
0.308540
0.308540
0.308540
0.308540
0.308540
0.308540
0.308540
0.308540
0.308540
0.308540
0.308540
0.308540
0.303779
0.303779
0.303779
0.303779
0.303779
0.303779
0.303392
0.303392
0.303392
0.302635
0.302635
0.302635
0.302635
0.302635
0.302635
0.302635
0.302635
0.302635
0.302600
0.302600
0.298979
0.298979
0.298979
0.298979
0.298979
0.298979
0.298979
0.298979
0.298979
0.298979
0.298626
0.298626
0.298626
0.298626
0.298079
0.298079
0.298079
0.298079
0.298079
0.298079
0.298079
0.298079
0.298079
0.298079
0.298068
0.297934
0.297934
0.297934
0.297934
0.296696
0.296696
0.296696
0.296696
0.296696
0.296696
0.296696
0.296696
0.296696
0.296696
0.296696
0.296696
0.296696
0.296696
0.296696
0.296696
0.296696
0.296696
0.296696
0.296696
0.296696
0.296696
0.296696
0.296696
0.296622
0.296622
0.296618
0.296618
0.296618
0.296618
0.296618
0.296618
0.296618
0.296618
0.296618
0.296618
0.296618
0.296618
0.296618
0.296618
0.296618
0.296618
0.296618
0.296618
0.296618
0.296618
0.296618
0.296618
0.296618
0.296618
0.296618
0.296618
0.296618
0.296618
0.296618
0.296618
0.296616
0.296616
0.296616
0.296616
0.296616
0.296616
0.296616
0.296616
0.296616
0.296616
0.296616
0.296616
0.296616
0.296616
0.296616
0.296616
0.296616
0.296616
0.296616
0.296616
0.296616
0.296616
0.296616
0.296616
0.296616
0.296616
0.296616
0.296616
0.296616
0.296616
0.296616
0.296616
0.296616
0.296616
0.296616
0.296616
0.296616
0.296616
0.296616
0.296616
0.296616
0.296616
0.296616
0.296616
0.296616
0.296616
0.296616
0.296616
0.296616
0.296616
0.296616
0.296616
0.296616
0.296616
0.296616
0.296616
0.296616
0.296616
0.296616
0.296616
0.296616
0.296616
0.296616
0.296616
0.296616
0.296616
0.296616
0.296616
0.296616
0.296616
0.296616
0.296616
0.296616
0.296616
0.296616
0.296616
0.296616
0.296616
0.296616
0.296616
0.296616
0.296616
0.296616
0.296616
0.296616
0.296616
0.296616
0.296616
0.296616
0.296616
0.296616
0.296616
0.296616
0.296616
0.296616
0.296616
0.296616
0.296616
0.296616
0.296616
0.296616
0.296598
0.296598
0.296598
0.296598
0.296598
0.296598
0.296598
0.296598
0.296598
0.296598
0.296598
0.296598
0.296598
0.296598
0.296598
0.296598
0.296598
0.296598
0.296598
0.296598
0.296598
0.296598
0.296598
0.296598
0.296598
0.296598
0.296598
0.296598
0.296598
0.296598
0.296598
0.296598
0.296598
0.296598
0.296598
0.296598
0.296598
0.296598
0.296598
0.296598
0.296598
0.296612
0.296612
0.296612
0.296612
0.296612
0.296612
0.296612
0.296612
0.296612
0.296612
0.296612
0.296612
0.296612
0.296612
0.296612
0.296612
0.296612
0.296612
0.296612
0.296612
0.296612
0.296612
0.296612
0.296612
0.296612
0.296612
0.296612
0.296612
0.296612
0.296612
0.296612
0.296612
0.296612
0.296612
0.296612
0.296612
0.296612
0.296612
0.296612
0.296612
0.296612
0.296612
0.296612
0.296612
0.296573
0.296573
0.296573
0.296573
0.296573
0.296573
0.296573
0.296573
0.296573
0.296573
0.296573
0.296573
0.296573
0.296573
0.296573
0.296573
0.296573
0.296573
0.296573
0.296573
0.296573
0.296573
0.296573
0.296573
0.296573
0.296573
0.296573
0.296573
0.296573
0.296573
0.296573
0.296573
0.296573
0.296573
0.296573
0.296573
0.296573
0.296573
0.296573
0.296573
0.296573
0.296573
0.296573
0.296573
0.296573
0.296573
0.296573
0.296573
0.296573
0.296573
0.296573
0.296573
0.296573
0.296573
0.296573
0.296573
0.296573
0.296573
0.296573
0.296573
0.296573
0.296573
0.296573
0.296374
0.296374
0.296374
0.296374
0.296374
0.296374
0.296375
0.296375
0.296375
0.296375
0.296375
0.296375
0.296375
0.296375
0.296375
0.296375
0.296375
0.296375
0.296375
0.296375
0.296375
0.296373
0.296373
0.296373
0.296373
0.296373
0.296373
0.296373
0.296373
0.296373
0.296373
0.296373
0.296373
0.296373
0.296373
0.296373
0.296373
0.296373
0.296373
0.296373
0.296373
0.296373
0.296373
0.295405
0.295405
0.295405
0.295405
0.295314
0.294990
0.294793
0.294793
0.294793
0.294793
0.294793
0.294793
0.294793
0.294793
0.294793
0.294793
0.294793
0.294793
0.294799
0.294799
0.294799
0.294799
0.294799
0.294799
0.294799
0.294799
0.294799
0.294799
0.294799
0.294799
0.294799
0.294799
0.294799
0.294799
0.294563
0.294563
0.294563
0.294563
0.294563
0.294563
0.294563
0.294563
0.294563
0.294563
0.294563
0.294563
0.294563
0.294563
0.294563
0.294563
0.294563
0.294563
0.294563
0.294563
0.294563
0.294563
0.294563
0.294563
0.294563
0.294563
0.294563
0.294563
0.294563
0.294563
0.294563
0.294563
0.294563
0.294563
0.294563
0.294563
0.294563
0.294563
0.294563
0.294563
0.294563
0.294563
0.294563
0.294563
0.294563
0.294563
0.294563
0.294563
0.294563
0.294563
0.294563
0.294563
0.294563
0.294563
0.294563
0.294563
0.294563
0.294563
0.294563
0.294563
0.294563
0.294563
0.294563
0.294563
0.294563
0.294563
0.294563
0.294563
0.294563
0.294563
0.294563
0.294563
0.294563
0.294563
0.294563
0.294563
0.294563
0.294563
0.294563
0.294563
0.294563
0.294563
0.294563
0.294563
0.294563
0.294563
0.294563
0.294563
0.294563
0.294563
0.294563
0.294563
0.294563
0.294563
0.294563
0.294563
0.294563
0.294563
0.294563
0.294563
0.294563
0.294563
0.294160
0.294160
0.294160
0.294160
0.294160
0.294160
0.294160
0.294160
0.294160
0.294160
0.294160
0.294160
0.294160
0.294160
0.294160
0.294160
0.294160
0.294160
0.294160
0.294160
0.294160
0.294160
0.294160
0.294160
0.294160
0.294160
0.294160
0.294160
0.294160
0.294160
0.294160
0.294160
0.294160
0.294160
0.294160
0.294160
0.294160
0.294160
0.294160
0.294160
0.294160
0.294160
0.294160
0.294160
0.294160
0.294160
0.294160
0.294160
0.294160
0.294160
0.294160
0.294160
0.294160
0.294160
0.294160
0.294160
0.294160
0.294160
0.294160
0.294160
0.294160
0.294160
0.294160
0.294160
0.294160
0.294160
0.294160
0.294160
0.294160
0.294160
0.294160
0.294160
0.294160
0.294160
0.294160
0.294160
0.294160
0.294160
0.294160
0.294160
0.294160
0.294160
0.294160
0.294160
0.294160
0.294160
0.294160
0.294160
0.294160
0.294160
0.294142
0.294142
0.294142
0.294142
0.294142
0.294142
0.294142
0.294142
0.294142
0.294142
0.294142
0.294142
0.294142
0.294142
0.294142
0.294142
0.294142
0.294142
0.294142
0.294142
0.294142
0.294142
0.294142
0.294142
0.294142
0.294142
0.294142
0.294142
0.294142
0.294142
0.294142
0.294142
0.294142
0.294142
0.294142
0.294142
0.294142
0.294142
0.294142
0.294142
0.294142
0.294142
0.294142
0.294142
0.294142
0.294142
0.294142
0.294142
0.294142
0.294142
0.294142
0.294142
0.294142
0.294142
0.294142
0.294142
0.294142
0.294142
0.294142
0.294142
0.294142
0.294142
0.294142
0.294142
0.294142
0.294142
0.294142
0.294142
0.294142
0.294142
0.294142
0.294142
0.294142
0.294142
0.294142
0.294142
0.294142
0.294142
0.294142
0.294142
0.294142
0.294142
0.294142
0.294142
0.294142
0.294142
0.294142
0.294142
0.294142
0.294142
0.294142
0.294142
0.294142
0.294142
0.294142
0.294142
0.294142
0.294142
0.294142
0.294142
0.294142
0.294142
0.294142
0.294142
0.294142
0.294142
0.294142
0.294142
0.294142
0.294142
0.294142
0.294142
0.294142
0.294142
0.294142
0.294142
0.294142
0.294142
0.294142
0.294142
0.294142
0.294142
0.294142
0.294142
0.294142
0.294142
0.294142
0.294142
0.294142
0.294142
0.294142
0.294142
0.294142
0.294142
0.294142
0.294142
0.294142
0.294142
0.294142
0.294142
0.294142
0.294142
0.294142
0.294142
0.294142
0.294142
0.294142
0.294142
0.294142
0.294142
0.294142
0.294142
0.294142
0.294142
0.294142
0.294142
0.294142
0.294142
0.294142
0.294138
0.294138
0.294138
0.294138
0.294138
0.294138
0.294138
0.294138
0.294138
0.294138
0.294138
0.294138
0.294138
0.294138
0.294138
0.294138
0.294138
0.294138
0.294138
0.294138
0.294138
0.294138
0.294138
0.294138
0.294138
0.294138
0.294138
0.294138
0.294138
0.294138
0.294138
0.294138
0.294138
0.294138
0.294138
0.294138
0.294138
0.294138
0.294138
0.294138
0.294138
0.294138
0.294138
0.294138
0.294138
0.294107
0.294107
0.294107
0.294107
0.294107
0.294107
0.294107
0.294107
0.294107
0.294107
0.294107
0.294107
0.294107
0.294107
0.294107
0.294107
0.294107
0.294107
0.294107
0.294107
0.294107
0.294107
0.294107
0.294107
0.294107
0.294107
0.294107
0.294107
0.294107
0.294107
0.294107
0.294107
0.294107
0.294107
0.294107
0.294107
0.294107
0.294107
0.294107
0.294107
0.294107
0.294107
0.294107
0.294107
0.294107
0.294107
0.294107
0.294107
0.294107
0.294107
0.294107
0.294107
0.294107
0.294107
0.294107
0.294107
0.294107
0.294107
0.294107
0.294107
0.294107
0.294107
0.294107
0.294107
0.294107
0.294107
0.294107
0.294107
0.294107
0.294107
0.294107
0.294107
0.294107
0.294107
0.294107
0.294107
0.294107
0.294107
0.294107
0.294107
0.294107
0.294107
0.294107
0.294107
0.294107
0.294107
0.294107
0.294107
0.294107
0.294107
0.294107
0.294107
0.294107
0.294107
0.294107
0.294107
0.294107
0.294107
0.294107
0.294107
0.294107
0.294107
0.294107
0.294107
0.294107
0.294107
0.294107
0.294107
0.294107
0.294107
0.294107
0.294107
0.294107
0.294107
0.294107
0.294107
0.294107
0.294107
0.294107
0.294107
0.294107
0.294107
0.294107
0.294107
0.294107
0.294107
0.294107
0.294107
0.294107
0.294107
0.294107
0.294107
0.294107
0.294081
0.294081
0.294081
0.294081
0.294081
0.294081
0.294081
0.294081
0.294081
0.294081
0.294081
0.294081
0.294081
0.294081
0.294081
0.294081
0.294081
0.294081
0.294081
0.294081
0.294081
0.294081
0.294081
0.294081
0.294081
0.294081
0.294081
0.294081
0.294081
0.294081
0.294081
0.294040
0.294040
0.294040
0.294040
0.294040
0.294040
0.294040
0.294040
0.294040
0.294040
0.294040
0.294040
0.294040
0.294040
0.294040
0.294040
0.294040
0.294040
0.294040
0.294040
0.294040
0.294040
0.294040
0.294040
0.294040
0.294040
0.294040
0.294040
0.294040
0.294040
0.294040
0.294040
0.294040
0.294040
0.294040
0.294040
0.294040
0.294040
0.294040
0.294040
0.294040
0.294040
0.294040
0.294040
0.294040
0.294040
0.294040
0.294040
0.294040
0.294040
0.294040
0.294040
0.294040
0.294040
0.294040
0.294040
0.294040
0.294040
0.294040
0.294040
0.294040
0.294040
0.294040
0.294040
0.294040
0.294040
0.294040
0.294040
0.294040
0.294040
0.294040
0.294040
0.294040
0.294036
0.294036
0.294036
0.294036
0.294036
0.294036
0.294036
0.294036
0.294036
0.294036
0.294036
0.294036
0.294036
0.294036
0.294036
0.294036
0.294036
0.294036
0.294036
0.294036
0.294036
0.294036
0.294036
0.294036
0.294036
0.294036
0.294036
0.294036
0.294036
0.294036
0.294036
0.294036
0.294036
0.294036
0.294036
0.294036
0.294036
0.294036
0.294036
0.294036
0.294036
0.294036
0.294036
0.294036
0.294036
0.294036
0.294020
0.294020
0.294020
0.294020
0.294020
0.294020
0.294020
0.294020
0.294020
0.294020
0.294020
0.294020
0.294020
0.294020
0.294020
0.294020
0.294020
0.294020
0.294020
0.294020
0.294020
0.294020
0.294020
0.294020
0.294020
0.294020
0.294020
0.294020
0.294020
0.294020
0.294020
0.294020
0.294020
0.294020
0.294020
0.294020
0.294020
0.294020
0.294020
0.294020
0.294020
0.294020
0.294020
0.294020
0.294020
0.294020
0.294020
0.294020
0.294020
0.294020
0.294020
0.294020
0.294020
0.294019
0.294019
0.294019
0.294019
0.294019
0.294019
0.294019
0.294019
0.294019
0.294019
0.294019
0.294019
0.294019
0.294019
0.294019
0.294019
0.294019
0.294019
0.294019
0.294019
0.294019
0.294019
0.294019
0.294019
0.294019
0.294019
0.294019
0.294019
0.294019
0.294019
0.294019
0.294019
0.294019
0.294019
0.294019
0.294019
0.294019
0.294019
0.294019
0.294019
0.294019
0.294019
0.294019
0.294019
0.294019
0.294019
0.294019
0.294019
0.294019
0.294019
0.294019
0.294019
0.294019
0.294019
0.294019
0.294019
0.294019
0.294019
0.294019
0.294019
0.294019
0.294019
0.294019
0.294019
0.294019
0.294019
0.294019
0.294019
0.294019
0.294019
0.294019
0.294019
0.294019
0.294019
0.294019
0.294019
0.294019
0.294019
0.294019
0.294019
0.294019
0.294019
0.294019
0.294019
0.294019
0.294019
0.294019
0.294019
0.294019
0.294019
0.294019
0.294019
0.294019
0.294019
0.294019
0.294019
0.294019
0.294019
0.294019
0.294019
0.294019
0.294019
0.294019
0.294019
0.294019
0.294019
0.294019
0.294019
0.294019
0.294019
0.294019
0.294019
0.294019
0.294019
0.294019
0.294019
0.294019
0.294019
0.294019
0.294019
0.294019
0.294019
0.294018
0.294018
0.294018
0.294018
0.294018
0.294018
0.294018
0.294018
0.294018
0.294018
0.294018
0.294018
0.294018
0.294018
0.294018
0.294018
0.294018
0.294018
0.294018
0.294018
0.294018
0.294018
0.294018
0.294018
0.294018
0.294018
0.294018
0.294018
0.294018
0.294018
0.294018
0.294018
0.294018
0.293964
0.293964
0.293964
0.293964
0.293964
0.293964
0.293964
0.293964
0.293964
0.293964
0.293964
0.293964
0.293964
0.293964
0.293964
0.293964
0.293964
0.293963
0.293963
0.293963
0.293963
0.293963
0.293963
0.293963
0.293963
0.293963
0.293963
0.293963
0.293963
0.293963
0.293963
0.293963
0.293963
0.293963
0.293963
0.293963
0.293963
0.293963
0.293963
0.293963
0.293963
0.293963
0.293963
0.293963
0.293963
0.293963
0.293963
0.293963
0.293963
0.293963
0.293963
0.293963
0.293963
0.293963
0.293963
0.293963
0.293963
0.293963
0.293843
0.293843
0.293843
0.293843
0.293843
0.293843
0.293843
0.293843
0.293843
0.293843
0.293843
0.293843
0.293843
0.293843
0.293843
0.293843
0.293843
0.293843
0.293843
0.293843
0.293843
0.293843
0.293843
0.293843
0.293843
0.293843
0.293843
0.293843
0.293843
0.293843
0.293843
0.293843
0.293843
0.293843
0.293843
0.293843
0.293843
0.293843
0.293843
0.293843
0.293843
0.293843
0.293843
0.293843
0.293843
0.293509
0.293509
0.293509
0.293509
0.293509
0.293509
0.293509
0.293509
0.293509
0.293509
0.293509
0.293509
0.293509
0.293509
0.293509
0.293509
0.293509
0.293509
0.293509
0.293509
0.293509
0.293509
0.293509
0.293509
0.293509
0.293509
0.293509
0.293509
0.293509
0.293509
0.293509
0.293509
0.293509
0.293509
0.293509
0.293509
0.293509
0.293509
0.293509
0.293509
0.293509
0.293509
0.293509
0.293509
0.293509
0.293509
0.293509
0.293509
0.293509
0.293509
0.293509
0.293509
0.293509
0.293509
0.293509
0.293509
0.293509
0.293509
0.293509
0.293509
0.293509
0.293509
0.293509
0.293509
0.293509
0.293509
0.293509
0.293509
0.293509
0.293509
0.293509
0.293509
0.293509
0.293509
0.293509
0.293509
0.293509
0.293509
0.293509
0.293509
0.293509
0.293509
0.293509
0.293509
0.293509
0.293509
0.293509
0.293509
0.293509
0.293509
0.293509
0.293509
0.293509
0.293509
0.293509
0.293509
0.293509
0.293509
0.293509
0.293509
0.293509
0.293509
0.293509
0.293509
0.293509
0.293509
0.293509
0.293509
0.293509
0.293509
0.293509
0.293509
0.293509
0.293509
0.293509
0.293509
0.293509
0.293509
0.293509
0.293509
0.293509
0.293509
0.293509
0.293509
0.293509
0.293509
0.293509
0.293509
0.293509
0.293509
0.293509
0.293492
0.293492
0.293492
0.293492
0.293492
0.293492
0.293492
0.293492
0.293492
0.293492
0.293492
0.293492
0.293492
0.293492
0.293492
0.293492
0.293492
0.293492
0.293492
0.293492
0.293490
0.293490
0.293490
0.293490
0.293490
0.293490
0.293490
0.293490
0.293490
0.293490
0.293490
0.293490
0.293490
0.293490
0.293490
0.293490
0.293490
0.293490
0.293490
0.293490
0.293490
0.293490
0.293490
0.293490
0.293490
0.293490
0.293490
0.293490
0.293490
0.293490
0.293490
0.293490
0.293490
0.293490
0.293490
0.293490
0.293490
0.293490
0.293490
0.293490
0.293490
0.293490
0.293461
0.293461
0.293461
0.293461
0.293461
0.293461
0.293461
0.293461
0.293461
0.293461
0.293461
0.293461
0.293461
0.293461
0.293461
0.293461
0.293461
0.293461
0.293461
0.293461
0.293461
0.293461
0.293461
0.293461
0.293461
0.293461
0.293461
0.293461
0.293461
0.293461
0.293461
0.293461
0.293461
0.293461
0.293461
0.293461
0.293461
0.293459
0.293459
0.293459
0.293459
0.293459
0.293459
0.293459
0.293459
0.293459
0.293459
0.293459
0.293459
0.293459
0.293459
0.293459
0.293459
0.293459
0.293459
0.293459
0.293459
0.293459
0.293459
0.293459
0.293459
0.293459
0.293459
0.293459
0.293459
0.293459
0.293459
0.293459
0.293459
0.293459
0.293459
0.293459
0.293459
0.293459
0.293459
0.293459
0.293459
0.293459
0.293459
0.293459
0.293459
0.293459
0.293459
0.293459
0.293459
0.293459
0.293459
0.293459
0.293459
0.293459
0.293459
0.293459
0.293459
0.293459
0.293459
0.293459
0.293459
0.293459
0.293459
0.293459
0.293459
0.293459
0.293459
0.293459
0.293459
0.293459
0.293459
0.293459
0.293459
0.293459
0.293459
0.293459
0.293459
0.293459
0.293459
0.293459
0.293459
0.293459
0.293459
0.293459
0.293459
0.293459
0.293459
0.293459
0.293459
0.293459
0.293459
0.293459
0.293459
0.293459
0.293459
0.293459
0.293459
0.293459
0.293459
0.293459
0.293459
0.293459
0.293459
0.293459
0.293459
0.293459
0.293459
0.293459
0.293459
0.293459
0.293459
0.293459
0.293459
0.293459
0.293459
0.293459
0.293459
0.293459
0.293459
0.293459
0.293459
0.293459
0.293459
0.293459
0.293459
0.293459
0.293459
0.293459
0.293459
0.293459
0.293459
0.293459
0.293459
0.293459
0.293459
0.293459
0.293459
0.293459
0.293459
0.293459
0.293459
0.293459
0.293459
0.293459
0.293459
0.293459
0.293459
0.293459
0.293459
0.293022
0.293022
0.293022
0.293022
0.293022
0.293022
0.293022
0.293022
0.293022
0.293022
0.293022
0.293022
0.293022
0.293022
0.293022
0.293022
0.293022
0.293022
0.293022
0.293022
0.293022
0.293022
0.293022
0.293022
0.293022
0.293022
0.293022
0.293022
0.293022
0.293022
0.293022
0.293022
0.293022
0.293022
0.293022
0.293022
0.293022
0.293022
0.293022
0.293022
0.293022
0.293022
0.293022
0.293022
0.293022
0.293022
0.293022
0.293022
0.293022
0.293022
0.293022
0.293022
0.293022
0.293022
0.293022
0.293022
0.293022
0.293022
0.293022
0.293022
0.293022
0.293022
0.293022
0.293022
0.293022
0.293022
0.293022
0.293022
0.293022
0.293022
0.293022
0.293022
0.293022
0.293022
0.293022
0.293022
0.293022
0.293022
0.293022
0.293022
0.293022
0.293022
0.293022
0.293022
0.293022
0.293022
0.293022
0.293022
0.293022
0.293023
0.293023
0.293023
0.293023
0.293023
0.293023
0.293023
0.293023
0.293028
0.293028
0.293028
0.293028
0.293028
0.293028
0.293028
0.293028
0.293028
0.293028
0.293028
0.293028
0.293028
0.292777
0.292777
0.292777
0.292777
0.292777
0.292777
0.292777
0.292777
0.292777
0.292777
0.292777
0.292777
0.292777
0.292777
0.292777
0.292777
0.292777
0.292777
0.292777
0.292777
0.292777
0.292777
0.292777
0.292777
0.292777
0.292777
0.292777
0.292777
0.292777
0.292777
0.292777
0.292777
0.292777
0.292777
0.292777
0.292777
0.292777
0.292777
0.292777
0.292777
0.292777
0.292777
0.292777
0.292777
0.292777
0.292777
0.292777
0.292777
0.292777
0.292777
0.292777
0.292777
0.292777
0.292777
0.292777
0.292777
0.292777
0.292777
0.292777
0.292777
0.292777
0.292777
0.292777
0.292777
0.292777
0.292777
0.292777
0.292777
0.292777
0.292777
0.292777
0.292777
0.292777
0.292777
0.292777
0.292777
0.292777
0.292777
0.292777
0.292777
0.292777
0.292777
0.292777
0.292777
0.292777
0.292777
0.292777
0.292777
0.292777
0.292777
0.292777
0.292777
0.292777
0.292777
0.292777
0.292777
0.292777
0.292777
0.292777
0.292777
0.292777
0.292777
0.292777
0.292777
0.292777
0.292777
0.292777
0.292777
0.292777
0.292777
0.292777
0.292777
0.292777
0.292777
0.292777
0.292777
0.292777
0.292777
0.292777
0.292777
0.292777
0.292777
0.292777
0.292777
0.292777
0.292777
0.292777
0.292777
0.292777
0.292777
0.292777
0.292777
0.292777
0.292777
0.292777
0.292777
0.292777
0.292777
0.292777
0.292777
0.292777
0.292777
0.292777
0.292777
0.292777
0.292777
0.292777
0.292777
0.292777
0.292777
0.292777
0.292777
0.292777
0.292777
0.292777
0.291971
0.291971
0.291971
0.291971
0.291971
0.291971
0.291968
0.291968
0.291968
0.291968
0.291968
0.291968
0.291968
0.291968
0.291968
0.291968
0.291968
0.291968
0.291968
0.291968
0.291968
0.291968
0.291968
0.291968
0.291968
0.291968
0.291968
0.291968
0.291968
0.291968
0.291968
0.291968
0.291968
0.291968
0.291968
0.291968
0.291968
0.291968
0.291968
0.291968
0.291968
0.291968
0.291968
0.291968
0.291968
0.291968
0.291968
0.291968
0.291968
0.291968
0.291968
0.291968
0.291968
0.291968
0.291968
0.291968
0.291968
0.291968
0.291968
0.291968
0.291968
0.291968
0.291968
0.291968
0.291968
0.291968
0.291968
0.291968
0.291968
0.291968
0.291968
0.291968
0.291968
0.291968
0.291968
0.291968
0.291968
0.291969
0.291969
0.291969
0.291969
0.291969
0.291969
0.291969
0.291969
0.291969
0.291969
0.291969
0.291969
0.291969
0.291969
0.291969
0.291969
0.291969
0.291969
0.291969
0.291969
0.291969
0.291969
0.291969
0.291969
0.291969
0.291969
0.291969
0.291969
0.291969
0.291969
0.291969
0.291969
0.291969
0.291969
0.291969
0.291969
0.291969
0.291969
0.291969
0.291969
0.291969
0.291969
0.291969
0.291969
0.291969
0.291969
0.291969
0.291969
0.291969
0.291969
0.291969
0.291969
0.291969
0.291969
0.291969
0.291969
0.291969
0.291969
0.291969
0.291969
0.291969
0.291969
0.291969
0.291969
0.291969
0.291969
0.291969
0.291969
0.291969
0.291969
0.291969
0.291969
0.291969
0.291969
0.291969
0.291969
0.291969
0.291969
0.291969
0.291969
0.291969
0.291969
0.291969
0.291969
0.291969
0.291969
0.291969
0.291969
0.291969
0.291969
0.291969
0.291969
0.291969
0.291969
0.291969
0.291969
0.291969
0.291969
0.291969
0.291969
0.291969
0.291969
0.291969
0.291969
0.291969
0.291969
0.291969
0.291969
0.291969
0.291969
0.291969
0.291969
0.291969
0.291969
0.291969
0.291969
0.291969
0.291969
0.291969
0.291969
0.291969
0.291969
0.291969
0.291969
0.291969
0.291969
0.291969
0.291969
0.291969
0.291969
0.291969
0.291969
0.291969
0.291969
0.291969
0.291969
0.291969
0.291969
0.291969
0.291969
0.291969
0.291969
0.291969
0.291969
0.291969
0.291969
0.291969
0.291969
0.291969
0.291969
0.291969
0.291969
0.291969
0.291969
0.291969
0.291969
0.291969
0.291969
0.291969
0.291969
0.291969
0.291969
0.291969
0.291969
0.291969
0.291969
0.291969
0.291969
0.291969
0.291969
0.291969
0.291969
0.291969
0.291969
0.291969
0.291969
0.291969
0.291962
0.291962
0.291962
0.291962
0.291962
0.291962
0.291962
0.291962
0.291962
0.291962
0.291962
0.291962
0.291962
0.291962
0.291962
0.291962
0.291962
0.291962
0.291962
0.291962
0.291962
0.291962
0.291962
0.291962
0.291962
0.291962
0.291962
0.291962
0.291962
0.291962
0.291962
0.291962
0.291962
0.291962
0.291962
0.291962
0.291962
0.291962
0.291962
0.291962
0.291962
0.291962
0.291962
0.291962
0.291962
0.291962
0.291962
0.291962
0.291962
0.291962
0.291962
0.291962
0.291962
0.291962
0.291962
0.291962
0.291962
0.291962
0.291962
0.291962
0.291962
0.291962
0.291962
0.291962
0.291962
0.291962
0.291962
0.291962
0.291962
0.291962
0.291962
0.291962
0.291962
0.291962
0.291962
0.291962
0.291962
0.291962
0.291962
0.291962
0.291962
0.291962
0.291962
0.291962
0.291962
0.291962
0.291962
0.291962
0.291962
0.291962
0.291962
0.291962
0.291962
0.291962
0.291962
0.291962
0.291962
0.291962
0.291962
0.291962
0.291962
0.291962
0.291962
0.291962
0.291962
0.291962
0.291962
0.291962
0.291962
0.291962
0.291962
0.291962
0.291962
0.291962
0.291962
0.291962
0.291962
0.291962
0.291962
0.291962
0.291962
0.291962
0.291962
0.291962
0.291962
0.291962
0.291962
0.291962
0.291962
0.291962
0.291962
0.291962
0.291962
0.291962
0.291962
0.291962
0.291962
0.291962
0.291962
0.291962
0.291962
0.291962
0.291962
0.291962
0.291962
0.291962
0.291962
0.291962
0.291962
0.291962
0.291962
0.291962
0.291962
0.291962
0.291962
0.291962
0.291962
0.291962
0.291962
0.291962
0.291962
0.291962
0.291962
0.291962
0.291962
0.291962
0.291962
0.291962
0.291962
0.291962
0.291962
0.291962
0.291962
0.291962
0.291962
0.291962
0.291962
0.291962
0.291962
0.291962
0.291962
0.291962
0.291962
0.291962
0.291962
0.291962
0.291962
0.291962
0.291962
0.291962
0.291962
0.291962
0.291962
0.291962
0.291962
0.291962
0.291962
0.291962
0.291962
0.291962
0.291962
0.291962
0.291962
0.291962
0.291962
0.291962
0.291962
0.291962
0.291962
0.291962
0.291962
0.291962
0.291962
0.291962
0.291962
0.291962
0.291962
0.291962
0.291962
0.291962
0.291962
0.291962
0.291962
0.291962
0.291962
0.291962
0.291962
0.291962
0.291962
0.291962
0.291962
0.291962
0.291962
0.291962
0.291962
0.291962
0.291962
0.291962
0.291962
0.291962
0.291962
0.291962
0.291962
0.291962
0.291962
0.291962
0.291962
0.291962
0.291962
0.291962
0.291962
0.291962
0.291962
0.291962
0.291962
0.291962
0.291962
0.291962
0.291962
0.291962
0.291962
0.291962
0.291962
0.291962
0.291962
0.291962
0.291962
0.291962
0.291962
0.291962
0.291962
0.291962
0.291962
0.291962
0.291962
0.291962
0.291962
0.291962
0.291962
0.291962
0.291962
0.291962
0.291962
0.291962
0.291962
0.291962
0.291962
0.291962
0.291962
0.291962
0.291962
0.291962
0.291962
0.291962
0.291962
0.291962
0.291962
0.291962
0.291962
0.291962
0.291962
0.291962
0.291962
0.291962
0.291964
0.291964
0.291964
0.291964
0.291964
0.291964
0.291964
0.291964
0.291964
0.291964
0.291964
0.291964
0.291964
0.291965
0.291965
0.291965
0.291965
0.291965
0.291965
0.291965
0.291965
0.291965
0.291965
0.291965
0.291965
0.291965
0.291965
0.291965
0.291965
0.291965
0.291965
0.291965
0.291965
0.291965
0.291965
0.291965
0.291965
0.291965
0.291966
0.291966
0.291966
0.291966
0.291966
0.291966
0.291966
0.291966
0.291966
0.291966
0.291966
0.291966
0.291966
0.291966
0.291966
0.291966
0.291966
0.291966
0.291966
0.291966
0.291966
0.291966
0.291966
0.291966
0.291966
0.291966
0.291966
0.291966
0.291966
0.291966
0.291966
0.291966
0.291966
0.291966
0.291966
0.291966
0.291966
0.291966
0.291966
0.291966
0.291966
0.291966
0.291966
0.291966
0.291966
0.291966
0.291966
0.291966
0.291966
0.291966
0.291838
0.291838
0.291838
0.291838
0.291838
0.291838
0.291838
0.291838
0.291838
0.291838
0.291838
0.291838
0.291838
0.291838
0.291838
0.291838
0.291838
0.291838
0.291838
0.291838
0.291838
0.291838
0.291838
0.291838
0.291838
0.291838
0.291838
0.291838
0.291838
0.291838
0.291838
0.291838
0.291838
0.291838
0.291838
0.291838
0.291838
0.291838
0.291838
0.291838
0.291838
0.291838
0.291838
0.291838
0.291838
0.291838
0.291838
0.291838
0.291838
0.291838
0.291838
0.291838
0.291838
0.291838
0.291838
0.291838
0.291838
0.291838
0.291838
0.291838
0.291838
0.291838
0.291838
0.291838
0.291838
0.291838
0.291838
0.291838
0.291838
0.291838
0.291838
0.291838
0.291838
0.291838
0.291838
0.291838
0.291838
0.291838
0.291838
0.291838
0.291838
0.291838
0.291838
0.291838
0.291838
0.291838
0.291838
0.291838
0.291838
0.291838
0.291838
0.291838
0.291838
0.291838
0.291838
0.291838
0.291838
0.291838
0.291838
0.291838
0.291838
0.291838
0.291838
0.291838
0.291838
0.291838
0.291838
0.291838
0.291838
0.291838
0.291838
0.291838
0.291838
0.291838
0.291838
0.291838
0.291838
0.291838
0.291838
0.291838
0.291838
0.291838
0.291838
0.291838
0.291838
0.291838
0.291838
0.291838
0.291838
0.291838
0.291838
0.291838
0.291838
0.291838
0.291838
0.291838
0.291838
0.291838
0.291838
0.291838
0.291838
0.291838
0.291838
0.291838
0.291838
0.291838
0.291838
0.291838
0.291838
0.291838
0.291838
0.291838
0.291838
0.291838
0.291838
0.291838
0.291838
0.291838
0.291838
0.291838
0.291838
0.291838
0.291838
0.291838
0.291838
0.291838
0.291838
0.291838
0.291838
0.291838
0.291838
0.291838
0.291838
0.291838
0.291838
0.291838
0.291838
0.291838
0.291838
0.291838
0.291838
0.291838
0.291838
0.291838
0.291838
0.291838
0.291838
0.291838
0.291838
0.291838
0.291838
0.291838
0.291838
0.291838
0.291838
0.291838
0.291838
0.291838
0.291838
0.291838
0.291838
0.291838
0.291838
0.291838
0.291838
0.291838
0.291838
0.291838
0.291838
0.291838
0.291838
0.291838
0.291838
0.291838
0.291838
0.291838
0.291838
0.291838
0.291838
0.291838
0.291838
0.291838
0.291838
0.291838
0.291838
0.291838
0.291838
0.291838
0.291838
0.291838
0.291838
0.291838
0.291838
0.291838
0.291838
0.291838
0.291838
0.291838
0.291838
0.291838
0.291838
0.291838
0.291838
0.291838
0.291838
0.291838
0.291838
0.291838
0.291838
0.291838
0.291838
0.291838
0.291838
0.291838
0.291838
0.291838
0.291838
0.291838
0.291838
0.291838
0.291838
0.291838
0.291838
0.291838
0.291838
0.291838
0.291838
0.291838
0.291838
0.291838
0.291838
0.291838
0.291838
0.291838
0.291838
0.291838
0.291838
0.291838
0.291838
0.291838
0.291838
0.291838
0.291838
0.291838
0.291838
0.291838
0.291838
0.291838
0.291838
0.291838
0.291838
0.291838
0.291838
0.291838
0.291838
0.291838
0.291838
0.291838
0.291838
0.291838
0.291838
0.291838
0.291838
0.291838
0.291838
0.291838
0.291838
0.291838
0.291838
0.291838
0.291838
0.291838
0.291838
0.291838
0.291838
0.291838
0.291838
0.291838
0.291838
0.291838
0.291838
0.291838
0.291838
0.291838
0.291838
0.291838
0.291838
0.291838
0.291838
0.291838
0.291838
0.291838
0.291838
0.291838
0.291838
0.291838
0.291838
0.291838
0.291838
0.291838
0.291838
0.291838
0.291838
0.291838
0.291838
0.291838
0.291838
0.291838
0.291838
0.291838
0.291838
0.291838
0.291838
0.291838
0.291838
0.291838
0.291838
0.291838
0.291838
0.291838
0.291838
0.291838
0.291838
0.291838
0.291838
0.291838
0.291838
0.291838
0.291838
0.291838
0.291838
0.291838
0.291838
0.291838
0.291838
0.291838
0.291838
0.291838
0.291838
0.291838
0.291838
0.291838
0.291838
0.291838
0.291838
0.291838
0.291838
0.291838
0.291838
0.291838
0.291838
0.291838
0.291838
0.291838
0.291838
0.291838
0.291838
0.291838
0.291838
0.291838
0.291838
0.291838
0.291838
0.291838
0.291838
0.291838
0.291838
0.291838
0.291838
0.291838
0.291838
0.291838
0.291838
0.291838
0.291838
0.291838
0.291838
0.291838
0.291838
0.291838
0.291838
0.291838
0.291830
0.291830
0.291830
0.291830
0.291830
0.291830
0.291830
0.291830
0.291830
0.291830
0.291830
0.291830
0.291830
0.291830
0.291830
0.291830
0.291830
0.291830
0.291830
0.291830
0.291830
0.291830
0.291830
0.291830
0.291830
0.291830
0.291830
0.291830
0.291830
0.291830
0.291830
0.291830
0.291830
0.291830
0.291830
0.291830
0.291830
0.291830
0.291830
0.291830
0.291830
0.291830
0.291830
0.291830
0.291830
0.291830
0.291830
0.291830
0.291830
0.291830
0.291830
0.291830
0.291830
0.291830
0.291830
0.291830
0.291830
0.291830
0.291830
0.291830
0.291830
0.291830
0.291830
0.291830
0.291830
0.291855
0.291855
0.291855
0.291855
0.291855
0.291855
0.291855
0.291855
0.291855
0.291855
0.291855
0.291855
0.291850
0.291850
0.291850
0.291850
0.291850
0.291850
0.291850
0.291850
0.291850
0.291850
0.291850
0.291850
0.291850
0.291850
0.291850
0.291850
0.291850
0.291850
0.291850
0.291850
0.291850
0.291850
0.291850
0.291850
0.291850
0.291850
0.291850
0.291850
0.291850
0.291850
0.291850
0.291850
0.291850
0.291850
0.291850
0.291850
0.291850
0.291850
0.291850
0.291850
0.291850
0.291850
0.291850
0.291850
0.291850
0.291850
0.291850
0.291850
0.291850
0.291850
0.291850
0.291850
0.291850
0.291850
0.291850
0.291850
0.291850
0.291850
0.291850
0.291850
0.291850
0.291850
0.291850
0.291850
0.291850
0.291850
0.291850
0.291850
0.291850
0.291850
0.291850
0.291850
0.291850
0.291850
0.291850
0.291850
0.291850
0.291850
0.291850
0.291850
0.291850
0.291850
0.291850
0.291850
0.291850
0.291850
0.291850
0.291850
0.291850
0.291850
0.291850
0.291850
0.291850
0.291850
0.291850
0.291850
0.291850
0.291850
0.291850
0.291850
0.291850
0.291850
0.291850
0.291850
0.291850
0.291850
0.291850
0.291850
0.291850
0.291850
0.291850
0.291850
0.291850
0.291850
0.291850
0.291850
0.291850
0.291850
0.291850
0.291850
0.291850
0.291850
0.291850
0.291850
0.291850
0.291850
0.291850
0.291850
0.291850
0.291850
0.291850
0.291850
0.291850
0.291850
0.291850
0.291850
0.291850
0.291850
0.291850
0.291850
0.291850
0.291850
0.291850
0.291850
0.291850
0.291850
0.291850
0.291850
0.291850
0.291850
0.291850
0.291850
0.291850
0.291850
0.291850
0.291850
0.291850
0.291850
0.291850
0.291850
0.291850
0.291850
0.291850
0.291850
0.291850
0.291850
0.291850
0.291850
0.291850
0.291850
0.291850
0.291850
0.291850
0.291850
0.291850
0.291850
0.291852
0.291852
0.291848
0.291848
0.291848
0.291848
0.291848
0.291848
0.291848
0.291848
0.291848
0.291848
0.291848
0.291848
0.291848
0.291848
0.291848
0.291848
0.291848
0.291848
0.291848
0.291848
0.291848
0.291848
0.291848
0.291848
0.291848
0.291848
0.291848
0.291848
0.291848
0.291848
0.291848
0.291848
0.291848
0.291848
0.291848
0.291848
0.291848
0.291848
0.291848
0.291848
0.291848
0.291848
0.291848
0.291848
0.291848
0.291848
0.291848
0.291848
0.291848
0.291848
0.291848
0.291848
0.291848
0.291848
0.291848
0.291848
0.291848
0.291848
0.291848
0.291848
0.291848
0.291848
0.291848
0.291848
0.291848
0.291848
0.291839
0.291839
0.291839
0.291839
0.291839
0.291839
0.291839
0.291839
0.291839
0.291839
0.291839
0.291839
0.291839
0.291839
0.291839
0.291839
0.291839
0.291839
0.291839
0.291839
0.291839
0.291839
0.291839
0.291839
0.291839
0.291839
0.291839
0.291839
0.291839
0.291839
0.291839
0.291839
0.291839
0.291839
0.291839
0.291839
0.291839
0.291839
0.291839
0.291839
0.291839
0.291839
0.291839
0.291839
0.291839
0.291839
0.291839
0.291839
0.291839
0.291839
0.291839
0.291839
0.291839
0.291839
0.291839
0.291839
0.291839
0.291839
0.291839
0.291839
0.291839
0.291839
0.291839
0.291839
0.291839
0.291839
0.291837
0.291837
0.291837
0.291837
0.291837
0.291837
0.291837
0.291837
0.291837
0.291837
0.291837
0.291837
0.291837
0.291837
0.291837
0.291837
0.291837
0.291837
0.291837
0.291837
0.291837
0.291837
0.291849
0.291849
0.291849
0.291849
0.291849
0.291849
0.291849
0.291844
0.291844
0.291844
0.291844
0.291844
0.291844
0.291844
0.291844
0.291844
0.291844
0.291844
0.291844
0.291844
0.291844
0.291844
0.291844
0.291844
0.291844
0.291844
0.291844
0.291844
0.291844
0.291844
0.291844
0.291844
0.291844
0.291844
0.291844
0.291844
0.291844
0.291844
0.291844
0.291844
0.291844
0.291844
0.291844
0.291844
0.291844
0.291844
0.291844
0.291844
0.291830
0.291830
0.291830
0.291830
0.291830
0.291830
0.291830
0.291830
0.291830
0.291830
0.291830
0.291830
0.291830
0.291830
0.291830
0.291830
0.291830
0.291830
0.291830
0.291830
0.291830
0.291830
0.291830
0.291830
0.291830
0.291830
0.291830
0.291830
0.291830
0.291830
0.291830
0.291830
0.291830
0.291830
0.291830
0.291830
0.291830
0.291830
0.291830
0.291830
0.291830
0.291830
0.291830
0.291830
0.291830
0.291830
0.291830
0.291830
0.291830
0.291830
0.291830
0.291830
0.291830
0.291830
0.291830
0.291830
0.291830
0.291830
0.291780
0.291780
0.291780
0.291780
0.291780
0.291780
0.291780
0.291780
0.291780
0.291780
0.291780
0.291780
0.291780
0.291780
0.291780
0.291780
0.291780
0.291780
0.291780
0.291780
0.291780
0.291780
0.291780
0.291780
0.291780
0.291780
0.291780
0.291780
0.291780
0.291780
0.291780
0.291780
0.291780
0.291780
0.291780
0.291780
0.291780
0.291780
0.291780
0.291780
0.291780
0.291780
0.291780
0.291780
0.291780
0.291780
0.291780
0.291780
0.291780
0.291780
0.291780
0.291780
0.291780
0.291779
0.291779
0.291779
0.291779
0.291780
0.291780
0.291780
0.291780
0.291780
0.291780
0.291780
0.291780
0.291780
0.291780
0.291780
0.291780
0.291780
0.291780
0.291780
0.291780
0.291780
0.291780
0.291780
0.291780
0.291780
0.291780
0.291780
0.291780
0.291780
0.291780
0.291780
0.291780
0.291780
0.291780
0.291780
0.291780
0.291780
0.291780
0.291780
0.291780
0.291780
0.291780
0.291780
0.291780
0.291780
0.291780
0.291780
0.291780
0.291780
0.291780
0.291780
0.291780
0.291780
0.291780
0.291780
0.291780
0.291780
0.291780
0.291780
0.291780
0.291780
0.291780
0.291780
0.291780
0.291778
0.291778
0.291778
0.291778
0.291778
0.291778
0.291780
0.291780
0.291780
0.291780
0.291780
0.291780
0.291780
0.291780
0.291780
0.291780
0.291780
0.291780
0.291780
0.291780
0.291780
0.291780
0.291780
0.291780
0.291780
0.291780
0.291780
0.291780
0.291780
0.291780
0.291780
0.291780
0.291780
0.291780
0.291780
0.291780
0.291780
0.291780
0.291780
0.291780
0.291780
0.291780
0.291780
0.291780
0.291780
0.291780
0.291780
0.291780
0.291780
0.291780
0.291780
0.291780
0.291780
0.291780
0.291780
0.291780
0.291780
0.291780
0.291780
0.291780
0.291780
0.291780
0.291780
0.291780
0.291780
0.291780
0.291780
0.291780
0.291780
0.291780
0.291780
0.291780
0.291780
0.291780
0.291780
0.291780
0.291780
0.291780
0.291780
0.291780
0.291780
0.291780
0.291780
0.291780
0.291780
0.291780
0.291780
0.291780
0.291780
0.291780
0.291780
0.291780
0.291780
0.291780
0.291780
0.291780
0.291780
0.291780
0.291780
0.291780
0.291780
0.291774
0.291774
0.291774
0.291774
0.291774
0.291774
0.291774
0.291774
0.291774
0.291774
0.291774
0.291774
0.291774
0.291774
0.291774
0.291774
0.291774
0.291774
0.291774
0.291774
0.291774
0.291774
0.291774
0.291774
0.291774
0.291774
0.291774
0.291774
0.291774
0.291774
0.291774
0.291774
0.291774
0.291774
0.291774
0.291774
0.291774
0.291774
0.291774
0.291774
0.291774
0.291774
0.291774
0.291774
0.291774
0.291774
0.291774
0.291774
0.291774
0.291774
0.291774
0.291774
0.291774
0.291774
0.291774
0.291774
0.291774
0.291774
0.291774
0.291774
0.291774
0.291776
0.291776
0.291776
0.291776
0.291776
0.291776
0.291776
0.291776
0.291776
0.291776
0.291776
0.291776
0.291776
0.291776
0.291776
0.291776
0.291776
0.291776
0.291776
0.291776
0.291776
0.291776
0.291776
0.291776
0.291776
0.291776
0.291776
0.291776
0.291776
0.291776
0.291776
0.291776
0.291776
0.291776
0.291776
0.291776
0.291776
0.291776
0.291776
0.291776
0.291776
0.291776
0.291776
0.291776
0.291776
0.291776
0.291776
0.291776
0.291776
0.291776
0.291776
0.291776
0.291776
0.291776
0.291776
0.291776
0.291776
0.291776
0.291776
0.291776
0.291776
0.291776
0.291776
0.291776
0.291776
0.291776
0.291776
0.291776
0.291776
0.291776
0.291776
0.291776
0.291776
0.291776
0.291776
0.291776
0.291776
0.291776
0.291776
0.291776
0.291776
0.291776
0.291776
0.291776
0.291776
0.291776
0.291776
0.291776
0.291776
0.291776
0.291776
0.291776
0.291776
0.291776
0.291776
0.291776
0.291776
0.291776
0.291776
0.291776
0.291776
0.291776
0.291776
0.291776
0.291776
0.291776
0.291776
0.291776
0.291776
0.291776
0.291776
0.291776
0.291776
0.291776
0.291776
0.291779
0.291779
0.291779
0.291779
0.291779
0.291779
0.291779
0.291779
0.291779
0.291779
0.291779
0.291779
0.291779
0.291779
0.291779
0.291779
0.291779
0.291779
0.291779
0.291779
0.291779
0.291779
0.291779
0.291779
0.291779
0.291779
0.291779
0.291779
0.291779
0.291779
0.291779
0.291779
0.291779
0.291779
0.291779
0.291779
0.291779
0.291779
0.291779
0.291779
0.291779
0.291779
0.291779
0.291779
0.291779
0.291779
0.291779
0.291779
0.291779
0.291779
0.291779
0.291779
0.291779
0.291779
0.291779
0.291779
0.291779
0.291779
0.291779
0.291779
0.291779
0.291779
0.291779
0.291779
0.291779
0.291779
0.291779
0.291779
0.291779
0.291779
0.291779
0.291779
0.291779
0.291779
0.291779
0.291779
0.291779
0.291779
0.291779
0.291779
0.291779
0.291779
0.291779
0.291779
0.291779
0.291779
0.291779
0.291779
0.291779
0.291779
0.291779
0.291779
0.291779
0.291779
0.291779
0.291779
0.291779
0.291779
0.291779
0.291773
0.291773
0.291773
0.291773
0.291773
0.291773
0.291773
0.291773
0.291773
0.291773
0.291773
0.291773
0.291773
0.291773
0.291773
0.291773
0.291773
0.291773
0.291773
0.291773
0.291773
0.291773
0.291773
0.291773
0.291773
0.291773
0.291773
0.291773
0.291773
0.291773
0.291773
0.291773
0.291773
0.291773
0.291773
0.291773
0.291773
0.291773
0.291773
0.291773
0.291773
0.291773
0.291773
0.291773
0.291773
0.291773
0.291773
0.291773
0.291773
0.291773
0.291773
0.291773
0.291773
0.291773
0.291773
0.291773
0.291773
0.291773
0.291773
0.291773
0.291773
0.291773
0.291773
0.291773
0.291773
0.291773
0.291773
0.291773
0.291773
0.291773
0.291773
0.291773
0.291773
0.291773
0.291773
0.291773
0.291773
0.291773
0.291773
0.291773
0.291773
0.291773
0.291773
0.291773
0.291773
0.291773
0.291773
0.291773
0.291773
0.291773
0.291773
0.291773
0.291773
0.291773
0.291773
0.291773
0.291773
0.291773
0.291773
0.291773
0.291773
0.291773
0.291773
0.291773
0.291773
0.291773
0.291773
0.291773
0.291773
0.291773
0.291773
0.291773
0.291773
0.291773
0.291773
0.291773
0.291773
0.291773
0.291773
0.291773
0.291773
0.291773
0.291773
0.291773
0.291773
0.291773
0.291773
0.291773
0.291773
0.291773
0.291773
0.291773
0.291773
0.291773
0.291773
0.291773
0.291773
0.291773
0.291773
0.291773
0.291773
0.291773
0.291773
0.291773
0.291773
0.291773
0.291773
0.291773
0.291773
0.291773
0.291773
0.291773
0.291773
0.291773
0.291773
0.291773
0.291773
0.291773
0.291773
0.291773
0.291773
0.291773
0.291773
0.291773
0.291773
0.291773
0.291773
0.291773
0.291773
0.291773
0.291773
0.291773
0.291773
0.291773
0.291773
0.291773
0.291773
0.291773
0.291773
0.291773
0.291773
0.291773
0.291773
0.291773
0.291773
0.291773
0.291773
0.291773
0.291773
0.291773
0.291773
0.291773
0.291773
0.291773
0.291773
0.291773
0.291773
0.291773
0.291773
0.291773
0.291773
0.291773
0.291773
0.291773
0.291773
0.291773
0.291773
0.291773
0.291773
0.291773
0.291773
0.291773
0.291773
0.291773
0.291773
0.291773
0.291773
0.291773
0.291773
0.291773
0.291773
0.291773
0.291773
0.291756
0.291756
0.291756
0.291756
0.291756
0.291756
0.291756
0.291756
0.291756
0.291756
0.291756
0.291756
0.291756
0.291756
0.291756
0.291756
0.291756
0.291756
0.291756
0.291756
0.291756
0.291756
0.291756
0.291756
0.291756
0.291756
0.291756
0.291756
0.291756
0.291756
0.291756
0.291756
0.291756
0.291756
0.291756
0.291756
0.291756
0.291756
0.291756
0.291756
0.291756
0.291756
0.291756
0.291756
0.291756
0.291756
0.291756
0.291756
0.291756
0.291756
0.291756
0.291756
0.291756
0.291756
0.291756
0.291756
0.291756
0.291756
0.291756
0.291756
0.291756
0.291756
0.291756
0.291756
0.291756
0.291756
0.291756
0.291756
0.291756
0.291756
0.291756
0.291756
0.291756
0.291756
0.291756
0.291756
0.291756
0.291756
0.291756
0.291756
0.291756
0.291756
0.291756
0.291756
0.291756
0.291756
0.291756
0.291756
0.291756
0.291756
0.291756
0.291756
0.291756
0.291756
0.291756
0.291756
0.291756
0.291756
0.291756
0.291756
0.291756
0.291756
0.291756
0.291756
0.291756
0.291756
0.291756
0.291756
0.291756
0.291756
0.291756
0.291756
0.291756
0.291756
0.291756
0.291756
0.291756
0.291756
0.291756
0.291756
0.291756
0.291756
0.291756
0.291756
0.291756
0.291756
0.291756
0.291756
0.291756
0.291756
0.291756
0.291756
0.291756
0.291756
0.291756
0.291756
0.291756
0.291754
0.291754
0.291754
0.291754
0.291754
0.291754
0.291754
0.291754
0.291754
0.291754
0.291754
0.291754
0.291754
0.291754
0.291754
0.291754
0.291754
0.291754
0.291754
0.291754
0.291754
0.291754
0.291754
0.291754
0.291754
0.291754
0.291754
0.291754
0.291754
0.291754
0.291754
0.291754
0.291754

