1.000000
0.992752
0.970555
0.968411
0.936784
0.850669
0.846971
0.819163
0.787770
0.781805
0.695643
0.694696
0.694696
0.694696
0.690226
0.690144
0.650070
0.650070
0.640463
0.632965
0.629235
0.628007
0.628007
0.626153
0.622292
0.608287
0.608198
0.521043
0.516311
0.509885
0.509557
0.497789
0.494487
0.493124
0.493124
0.487879
0.470165
0.455774
0.455774
0.454003
0.454003
0.405575
0.381217
0.364791
0.353959
0.352332
0.328769
0.328769
0.312224
0.312224
0.304209
0.289760
0.288981
0.277456
0.268809
0.268809
0.264182
0.243332
0.241793
0.241793
0.241793
0.241762
0.227553
0.186989
0.171629
0.171094
0.167330
0.167330
0.167303
0.167303
0.160941
0.160941
0.157567
0.157002
0.154318
0.154318
0.153771
0.153771
0.151491
0.151491
0.151491
0.150008
0.150008
0.148767
0.148117
0.148117
0.148117
0.148117
0.148117
0.148117
0.148117
0.148080
0.148013
0.145681
0.145681
0.145681
0.145681
0.145681
0.145681
0.145050
0.144004
0.144004
0.144004
0.143824
0.143824
0.143476
0.137845
0.137845
0.137845
0.137845
0.135871
0.135871
0.135871
0.135871
0.135871
0.135871
0.135871
0.135871
0.135871
0.135871
0.135871
0.134010
0.133099
0.125164
0.125164
0.124203
0.120434
0.120434
0.119088
0.119088
0.119088
0.119088
0.112083
0.112083
0.112083
0.111085
0.110073
0.108002
0.108002
0.108002
0.106100
0.106100
0.106100
0.106100
0.106100
0.105866
0.105866
0.105866
0.104449
0.104100
0.104100
0.104100
0.104100
0.100785
0.095945
0.095891
0.095891
0.095891
0.095825
0.094749
0.094749
0.094749
0.093380
0.093380
0.093380
0.090027
0.088912
0.088848
0.088848
0.088185
0.088185
0.088009
0.088009
0.088009
0.088009
0.088009
0.087918
0.087918
0.087918
0.087918
0.087918
0.085185
0.085185
0.085185
0.085185
0.085185
0.082742
0.082742
0.081975
0.081975
0.080610
0.080610
0.080610
0.080591
0.080086
0.080086
0.079830
0.079830
0.079830
0.077835
0.077835
0.077835
0.077835
0.077835
0.077835
0.077835
0.077793
0.077793
0.077788
0.076961
0.076961
0.076961
0.076961
0.076922
0.076922
0.076886
0.076886
0.076886
0.076886
0.076886
0.076791
0.076791
0.076791
0.076745
0.076745
0.076745
0.076745
0.076703
0.076703
0.076703
0.076703
0.076466
0.076466
0.076466
0.076466
0.076299
0.076299
0.076299
0.075972
0.075960
0.075643
0.075577
0.073455
0.073455
0.073108
0.072988
0.072965
0.072892
0.072891
0.072891
0.072891
0.072891
0.072891
0.072807
0.072807
0.070954
0.070314
0.070314
0.070288
0.070288
0.070260
0.069603
0.069603
0.069603
0.069541
0.069541
0.069135
0.069135
0.069135
0.069135
0.069102
0.067403
0.067403
0.067403
0.067346
0.067346
0.067346
0.067346
0.067346
0.067346
0.067346
0.067346
0.066833
0.066833
0.066833
0.066799
0.066799
0.066799
0.066799
0.066799
0.066799
0.066799
0.066799
0.066426
0.066426
0.066426
0.066340
0.065238
0.064718
0.064684
0.064684
0.064684
0.064292
0.064292
0.064292
0.063881
0.063876
0.063756
0.063756
0.063756
0.063756
0.063567
0.063567
0.063567
0.063567
0.063449
0.063449
0.063414
0.061459
0.061387
0.061387
0.061324
0.061324
0.061324
0.061324
0.061324
0.061324
0.061324
0.061324
0.061324
0.061324
0.060181
0.060181
0.060181
0.060181
0.058888
0.058888
0.058878
0.058822
0.058822
0.058810
0.058810
0.058810
0.058810
0.058810
0.058810
0.058810
0.058810
0.058810
0.058739
0.058514
0.058514
0.058514
0.058514
0.058514
0.058514
0.058514
0.058514
0.058514
0.058507
0.058494
0.056857
0.056857
0.056857
0.056857
0.056856
0.056856
0.056856
0.056856
0.056856
0.056533
0.056533
0.056526
0.056526
0.056526
0.056526
0.056292
0.056292
0.056292
0.056159
0.056159
0.056159
0.056159
0.055199
0.055199
0.055175
0.055124
0.054748
0.054748
0.054748
0.054748
0.054194
0.054194
0.054164
0.054164
0.054164
0.054164
0.054154
0.054154
0.054154
0.054154
0.054154
0.054154
0.054154
0.054120
0.054119
0.054119
0.054022
0.054022
0.054022
0.054022
0.054019
0.054019
0.054019
0.054019
0.054019
0.054019
0.054019
0.054019
0.054005
0.053691
0.053691
0.053691
0.053691
0.053691
0.053691
0.053678
0.053655
0.053655
0.053586
0.053586
0.053582
0.053324
0.053324
0.053324
0.053324
0.053038
0.053038
0.052963
0.052923
0.052923
0.052923
0.052923
0.052923
0.052923
0.052546
0.052546
0.052537
0.052349
0.052349
0.052349
0.052349
0.052349
0.052309
0.052309
0.052309
0.052309
0.052309
0.052309
0.052309
0.052309
0.052309
0.052309
0.052309
0.052309
0.052309
0.052309
0.052309
0.052309
0.052309
0.051987
0.051970
0.051970
0.051970
0.051391
0.051391
0.051391
0.051391
0.051391
0.051391
0.051391
0.051391
0.051391
0.051391
0.051391
0.051380
0.051380
0.051380
0.051380
0.051380
0.051380
0.051380
0.051380
0.051380
0.051337
0.051337
0.051327
0.051327
0.051327
0.051327
0.051327
0.051327
0.051327
0.051327
0.051309
0.051309
0.051309
0.051304
0.051304
0.051281
0.051186
0.051186
0.051177
0.051177
0.051177
0.051139
0.051139
0.050859
0.050662
0.050662
0.050662
0.050662
0.050657
0.050657
0.050657
0.050657
0.050657
0.050657
0.050657
0.050657
0.050606
0.050421
0.050421
0.050358
0.050358
0.050358
0.050358
0.050358
0.050358
0.050358
0.050358
0.050358
0.050358
0.050358
0.050358
0.049905
0.049890
0.049890
0.049890
0.049890
0.049604
0.049604
0.049604
0.048284
0.048284
0.048284
0.048284
0.048284
0.048284
0.048284
0.048284
0.048284
0.048284
0.047894
0.047894
0.047894
0.047894
0.047894
0.047894
0.047894
0.047894
0.047894
0.047894
0.047894
0.047894
0.047894
0.047867
0.047867
0.047867
0.047867
0.047867
0.047867
0.047867
0.047867
0.047867
0.047867
0.047867
0.047848
0.047848
0.047848
0.047848
0.047848
0.047848
0.047848
0.047848
0.047848
0.047649
0.047649
0.047441
0.047376
0.047323
0.047323
0.047323
0.047323
0.047323
0.047323
0.047323
0.047323
0.047323
0.047323
0.047323
0.047167
0.047167
0.047152
0.047152
0.047145
0.047145
0.047145
0.047145
0.047145
0.047145
0.047145
0.045952
0.045952
0.045907
0.045907
0.045907
0.045907
0.045907
0.045906
0.044884
0.044884
0.044884
0.044884
0.044884
0.044884
0.044884
0.044884
0.044884
0.044884
0.044884
0.044884
0.044880
0.043951
0.043896
0.043895
0.043895
0.043895
0.043895
0.043895
0.043895
0.043869
0.043869
0.043869
0.043869
0.043869
0.043869
0.043869
0.043869
0.043803
0.043803
0.043803
0.043803
0.043803
0.043803
0.043803
0.043803
0.043803
0.043628
0.043628
0.043628
0.043628
0.043628
0.043628
0.043594
0.043535
0.043535
0.043535
0.043535
0.043535
0.043452
0.043409
0.043409
0.043409
0.043397
0.043397
0.043397
0.043373
0.043155
0.043155
0.043030
0.043030
0.042943
0.042943
0.042943
0.042943
0.042943
0.042943
0.042943
0.042914
0.042914
0.042914
0.042914
0.042914
0.042904
0.042904
0.042904
0.042904
0.042904
0.042878
0.042745
0.042745
0.042743
0.042743
0.042743
0.042726
0.042726
0.042726
0.042726
0.042726
0.042726
0.042717
0.042717
0.042717
0.042717
0.042717
0.042717
0.042058
0.041127
0.041063
0.041063
0.041063
0.041063
0.041063
0.040894
0.040894
0.040894
0.040894
0.040211
0.040211
0.040151
0.040151
0.040151
0.040151
0.040005
0.039963
0.039963
0.039748
0.039748
0.039748
0.039748
0.039693
0.039690
0.039690
0.039690
0.039679
0.039679
0.039679
0.039675
0.039675
0.039675
0.039634
0.039633
0.039633
0.039633
0.039508
0.039508
0.039508
0.039508
0.039508
0.039508
0.039508
0.039508
0.039507
0.039507
0.039507
0.039507
0.039507
0.039414
0.039414
0.039414
0.039414
0.039414
0.039364
0.039364
0.039364
0.039364
0.039353
0.039353
0.039353
0.039353
0.039353
0.039353
0.039353
0.039353
0.039353
0.039353
0.039176
0.039176
0.039176
0.039176
0.039176
0.039176
0.039176
0.039166
0.039166
0.039166
0.039161
0.039161
0.039161
0.039161
0.039161
0.039135
0.039135
0.039135
0.039078
0.039078
0.039078
0.038846
0.038846
0.038846
0.038846
0.038846
0.038846
0.038846
0.038846
0.038820
0.038820
0.038820
0.038820
0.038820
0.038820
0.038820
0.038820
0.038820
0.038820
0.038729
0.038729
0.038729
0.038726
0.038726
0.038355
0.038355
0.038355
0.038354
0.037943
0.037918
0.037918
0.037918
0.037913
0.037913
0.037913
0.037913
0.037913
0.037913
0.037850
0.037850
0.037812
0.037812
0.037812
0.037812
0.037812
0.037812
0.037812
0.037812
0.037811
0.037802
0.037802
0.037793
0.037793
0.037793
0.037793
0.037793
0.037793
0.037678
0.037678
0.037678
0.037678
0.037678
0.037678
0.037678
0.037636
0.037636
0.037636
0.037636
0.037636
0.037408
0.037408
0.037371
0.037356
0.037356
0.037356
0.037356
0.037356
0.037356
0.037356
0.037356
0.037345
0.037345
0.037345
0.037345
0.037345
0.037345
0.037345
0.037345
0.037345
0.037345
0.037344
0.037344
0.037344
0.037330
0.037330
0.037330
0.037288
0.037288
0.037279
0.037279
0.037279
0.037279
0.037279
0.037279
0.037277
0.036824
0.036653
0.036653
0.036435
0.036435
0.036407
0.036407
0.036364
0.036364
0.036364
0.036135
0.036135
0.036135
0.036135
0.036135
0.036135
0.036135
0.036121
0.036121
0.036121
0.036121
0.036121
0.036121
0.036121
0.036121
0.036121
0.036065
0.036064
0.036064
0.036064
0.036064
0.036064
0.036064
0.036064
0.036064
0.036064
0.036064
0.036064
0.036064
0.036027
0.036027
0.036027
0.036027
0.036027
0.035995
0.035361
0.035361
0.035361
0.035215
0.035215
0.035215
0.035215
0.035215
0.035191
0.035191
0.035191
0.035191
0.035191
0.035191
0.035191
0.035191
0.035191
0.035191
0.035191
0.035191
0.035191
0.035191
0.035191
0.034857
0.034857
0.034857
0.034857
0.034857
0.034857
0.034857
0.034807
0.034734
0.034735
0.034735
0.034735
0.034735
0.034544
0.034544
0.034544
0.034544
0.034544
0.034544
0.034544
0.034544
0.034544
0.034544
0.034544
0.034544
0.034544
0.034406
0.034406
0.034406
0.034402
0.034402
0.034402
0.034402
0.034402
0.034402
0.034402
0.034402
0.034402
0.034402
0.034402
0.034384
0.034384
0.034384
0.034384
0.034384
0.034384
0.034384
0.034384
0.034384
0.034382
0.034382
0.034382
0.034382
0.034382
0.034382
0.034382
0.034339
0.034334
0.034334
0.034334
0.034322
0.034322
0.034322
0.034322
0.034322
0.034259
0.034259
0.034259
0.034259
0.034259
0.034259
0.034248
0.034248
0.034224
0.034224
0.034224
0.034224
0.034222
0.034194
0.034194
0.034194
0.034194
0.034194
0.034194
0.034194
0.034194
0.034194
0.034194
0.034194
0.034194
0.034158
0.034158
0.034158
0.034158
0.034086
0.034086
0.034085
0.034085
0.034085
0.034085
0.034085
0.034085
0.034085
0.034085
0.034085
0.034077
0.034077
0.034077
0.034077
0.034077
0.034077
0.034077
0.034077
0.034077
0.034069
0.034069
0.034058
0.034058
0.034055
0.034055
0.034055
0.034055
0.034055
0.034048
0.034045
0.034045
0.034042
0.034042
0.034042
0.034042
0.034042
0.034042
0.034042
0.034042
0.034042
0.033997
0.033997
0.033997
0.033997
0.033997
0.033997
0.033997
0.033997
0.033997
0.033997
0.033997
0.033997
0.033997
0.033997
0.033943
0.033924
0.033924
0.033918
0.033918
0.033918
0.033918
0.033918
0.033918
0.033904
0.033904
0.033904
0.033892
0.033892
0.033892
0.033892
0.033892
0.033892
0.033892
0.033892
0.033871
0.033871
0.033871
0.033871
0.033871
0.033871
0.033800
0.033800
0.033800
0.033800
0.033800
0.033800
0.033800
0.033715
0.033715
0.033715
0.033715
0.033715
0.033715
0.033715
0.033713
0.033713
0.033713
0.033713
0.033592
0.033592
0.033590
0.033590
0.033590
0.033590
0.033589
0.033589
0.033575
0.033575
0.033575
0.033189
0.033189
0.033189
0.033189
0.033189
0.033180
0.033180
0.033179
0.033179
0.033166
0.032956
0.032956
0.032956
0.032956
0.032946
0.032946
0.032946
0.032946
0.032946
0.032946
0.032946
0.032946
0.032946
0.032946
0.032923
0.032923
0.032923
0.032923
0.032906
0.032897
0.032897
0.032897
0.032897
0.032605
0.032605
0.032605
0.032605
0.032605
0.032605
0.032605
0.032605
0.032605
0.032605
0.032605
0.032605
0.032599
0.032592
0.032592
0.032592
0.032592
0.032592
0.032592
0.032591
0.032591
0.032591
0.032591
0.032591
0.032591
0.032511
0.032511
0.032511
0.032511
0.032511
0.032511
0.032511
0.032511
0.032511
0.032511
0.032511
0.032448
0.032448
0.032448
0.032432
0.032403
0.032376
0.032376
0.032376
0.032376
0.032315
0.032315
0.032300
0.032300
0.032300
0.032300
0.032249
0.032249
0.032249
0.032237
0.032237
0.032237
0.032237
0.032237
0.032237
0.032237
0.032237
0.032172
0.032172
0.032172
0.032172
0.032172
0.032172
0.032172
0.032172
0.032172
0.032172
0.032100
0.032100
0.032054
0.032037
0.032028
0.031966
0.031966
0.031966
0.031811
0.031811
0.031811
0.031811
0.031811
0.031811
0.031811
0.031807
0.031779
0.031779
0.031779
0.031779
0.031779
0.031779
0.031779
0.031779
0.031779
0.031779
0.031573
0.031573
0.031573
0.031566
0.031566
0.031566
0.031566
0.031566
0.031566
0.031566
0.031566
0.031566
0.031566
0.031566
0.031566
0.031566
0.031566
0.031528
0.031528
0.031528
0.031528
0.031528
0.031528
0.031528
0.031528
0.031528
0.031528
0.031528
0.031528
0.031528
0.031528
0.031528
0.031528
0.031510
0.031510
0.031510
0.031510
0.031510
0.031510
0.031368
0.031368
0.031348
0.031348
0.031348
0.031348
0.031348
0.031348
0.031348
0.031348
0.031348
0.031345
0.031345
0.031345
0.030981
0.030981
0.030981
0.030981
0.030960
0.030960
0.030960
0.030956
0.030956
0.030947
0.030947
0.030947
0.030947
0.030939
0.030939
0.030938
0.030938
0.030938
0.030938
0.030938
0.030917
0.030917
0.030917
0.030917
0.030917
0.030914
0.030914
0.030914
0.030914
0.030914
0.030914
0.030898
0.030889
0.030882
0.030882
0.030882
0.030882
0.030882
0.030882
0.030882
0.030882
0.030882
0.030882
0.030882
0.030882
0.030882
0.030882
0.030732
0.030732
0.030711
0.030711
0.030711
0.030696
0.030696
0.030696
0.030580
0.030571
0.030571
0.030571
0.030571
0.030571
0.030571
0.030571
0.030571
0.030571
0.030571
0.030571
0.030571
0.030568
0.030563
0.030563
0.030562
0.030562
0.030550
0.030550
0.030550
0.030518
0.030518
0.030518
0.030518
0.030518
0.030518
0.030518
0.030518
0.030425
0.030425
0.030425
0.030425
0.030425
0.030425
0.030425
0.030425
0.030425
0.030425
0.030425
0.030422
0.030422
0.030422
0.030422
0.030422
0.030422
0.030332
0.030332
0.030332
0.030320
0.030320
0.030320
0.030320
0.030320
0.030320
0.030320
0.030320
0.030320
0.030320
0.030320
0.030320
0.030280
0.030280
0.030280
0.030280
0.030213
0.029984
0.029967
0.029967
0.029967
0.029967
0.029967
0.029967
0.029967
0.029939
0.029939
0.029939
0.029939
0.029927
0.029927
0.029927
0.029894
0.029894
0.029894
0.029893
0.029893
0.029884
0.029884
0.029884
0.029884
0.029884
0.029884
0.029884
0.029884
0.029881
0.029881
0.029875
0.029875
0.029875
0.029875
0.029875
0.029875
0.029875
0.029720
0.029719
0.029719
0.029719
0.029719
0.029719
0.029719
0.029719
0.029719
0.029719
0.029695
0.029695
0.029695
0.029695
0.029695
0.029692
0.029692
0.029692
0.029692
0.029692
0.029692
0.029692
0.029692
0.029677
0.029677
0.029677
0.029677
0.029677
0.029677
0.029613
0.029613
0.029603
0.029603
0.029603
0.029603
0.029603
0.029603
0.029603
0.029603
0.029603
0.029603
0.029603
0.029571
0.029571
0.029571
0.029538
0.029538
0.029538
0.029538
0.029538
0.029496
0.029493
0.029493
0.029493
0.029493
0.029493
0.029493
0.029493
0.029493
0.029493
0.029493
0.029493
0.029468
0.029459
0.029459
0.029459
0.029459
0.029459
0.029295
0.029293
0.029293
0.029293
0.029293
0.029293
0.029293
0.029293
0.029293
0.029293
0.029293
0.029293
0.029293
0.029293
0.029293
0.029293
0.029293
0.029293
0.029293
0.029293
0.029293
0.029293
0.029293
0.029293
0.029293
0.029293
0.029293
0.029293
0.029293
0.028946
0.028936
0.028890
0.028890
0.028890
0.028890
0.028890
0.028890
0.028890
0.028890
0.028890
0.028890
0.028890
0.028890
0.028890
0.028890
0.028890
0.028890
0.028890
0.028888
0.028888
0.028872
0.028654
0.028643
0.028617
0.028609
0.028609
0.028557
0.028557
0.028557
0.028557
0.028557
0.028557
0.028557
0.028557
0.028553
0.028553
0.028553
0.028553
0.028553
0.028553
0.028553
0.028553
0.028553
0.028553
0.028553
0.028553
0.028550
0.028543
0.028543
0.028543
0.028543
0.028543
0.028543
0.028543
0.028543
0.028515
0.028468
0.028468
0.028468
0.028468
0.028468
0.028468
0.028468
0.028468
0.028468
0.028468
0.028468
0.028468
0.028468
0.028468
0.028468
0.028468
0.028468
0.028468
0.028468
0.028468
0.028468
0.028468
0.028468
0.028468
0.028453
0.028453
0.028453
0.028453
0.028453
0.028453
0.028453
0.028453
0.028453
0.028453
0.028391
0.028391
0.028391
0.028391
0.028391
0.028391
0.028391
0.028391
0.028391
0.028391
0.028391
0.028391
0.028391
0.028391
0.028391
0.028391
0.028391
0.028391
0.028391
0.028391
0.028391
0.028320
0.028320
0.028320
0.028320
0.028320
0.028320
0.028320
0.028320
0.028320
0.028317
0.028317
0.028317
0.028317
0.028317
0.028316
0.028316
0.028252
0.028252
0.028240
0.028240
0.028240
0.028236
0.028236
0.028236
0.028236
0.028203
0.028203
0.028203
0.028203
0.028203
0.028203
0.028203
0.028203
0.028203
0.028203
0.028203
0.028203
0.028203
0.028203
0.028203
0.028203
0.028201
0.028200
0.028200
0.028080
0.028080
0.028080
0.028080
0.028080
0.028080
0.028080
0.028080
0.028080
0.028080
0.028080
0.028080
0.028080
0.028080
0.028080
0.028080
0.028080
0.028080
0.028080
0.028080
0.028070
0.028070
0.028003
0.028003
0.028003
0.028003
0.028003
0.028003
0.028003
0.028003
0.028003
0.028003
0.028003
0.028003
0.028003
0.028003
0.028003
0.028003
0.028003
0.028003
0.028003
0.028003
0.028003
0.027966
0.027947
0.027947
0.027947
0.027947
0.027947
0.027928
0.027928
0.027924
0.027607
0.027607
0.027607
0.027607
0.027607
0.027607
0.027607
0.027605
0.027605
0.027605
0.027605
0.027605
0.027605
0.027605
0.027605
0.027605
0.027605
0.027605
0.027605
0.027605
0.027604
0.027604
0.027604
0.027598
0.027598
0.027598
0.027598
0.027598
0.027598
0.027598
0.027598
0.027598
0.027598
0.027598
0.027598
0.027598
0.027598
0.027596
0.027596
0.027596
0.027596
0.027596
0.027596
0.027596
0.027596
0.027596
0.027596
0.027596
0.027596
0.027596
0.027596
0.027581
0.027581
0.027581
0.027581
0.027581
0.027410
0.027410
0.027410
0.027404
0.027404
0.027404
0.027404
0.027404
0.027404
0.027404
0.027404
0.027404
0.027403
0.027403
0.027390
0.027390
0.027390
0.027390
0.027390
0.027378
0.027366
0.027366
0.027366
0.027366
0.027360
0.027360
0.027360
0.027360
0.027360
0.027360
0.027360
0.027360
0.027360
0.027360
0.027360
0.027360
0.027360
0.027360
0.027360
0.027360
0.027360
0.027360
0.027360
0.027349
0.027349
0.027349
0.027302
0.027247
0.027247
0.027247
0.027247
0.027247
0.027170
0.027170
0.027169
0.027169
0.027169
0.027134
0.027134
0.027134
0.027134
0.027134
0.027127
0.027127
0.027127
0.027127
0.027124
0.027114
0.027105
0.027105
0.027105
0.027105
0.026948
0.026948
0.026948
0.026784
0.026784
0.026784
0.026784
0.026784
0.026784
0.026784
0.026784
0.026684
0.026684
0.026678
0.026678
0.026678
0.026678
0.026678
0.026678
0.026678
0.026662
0.026662
0.026662
0.026662
0.026661
0.026365
0.026365
0.026365
0.026365
0.026365
0.026365
0.026365
0.026365
0.026365
0.026365
0.026365
0.026365
0.026365
0.026363
0.026363
0.026363
0.026363
0.026350
0.026350
0.026350
0.026349
0.026349
0.026349
0.026349
0.026340
0.026340
0.026340
0.026340
0.026338
0.026338
0.026338
0.026338
0.026291
0.026286
0.026286
0.026286
0.026211
0.026211
0.026211
0.026211
0.026211
0.026211
0.026211
0.026211
0.026211
0.026211
0.026210
0.026210
0.026210
0.026210
0.026210
0.026210
0.026209
0.026209
0.026209
0.026209
0.026209
0.026207
0.026207
0.026207
0.026207
0.026108
0.026108
0.026108
0.026108
0.026108
0.026108
0.026108
0.026108
0.026108
0.026108
0.026108
0.026108
0.026108
0.026108
0.026108
0.026036
0.026036
0.026036
0.026028
0.026028
0.026028
0.026028
0.026022
0.026022
0.026012
0.025990
0.025990
0.025990
0.025990
0.025990
0.025990
0.025990
0.025990
0.025990
0.025990
0.025990
0.025990
0.025990
0.025990
0.025990
0.025975
0.025975
0.025975
0.025975
0.025975
0.025960
0.025960
0.025960
0.025960
0.025960
0.025960
0.025960
0.025960
0.025960
0.025804
0.025804
0.025804
0.025804
0.025804
0.025804
0.025804
0.025804
0.025746
0.025746
0.025746
0.025746
0.025707
0.025682
0.025662
0.025662
0.025662
0.025662
0.025662
0.025662
0.025662
0.025500
0.025500
0.025499
0.025499
0.025499
0.025499
0.025499
0.025499
0.025499
0.025495
0.025495
0.025495
0.025495
0.025495
0.025495
0.025495
0.025495
0.025495
0.025495
0.025495
0.025495
0.025473
0.025473
0.025473
0.025473
0.025228
0.025228
0.025191
0.025191
0.025191
0.025191
0.025191
0.025191
0.025191
0.025191
0.025191
0.025191
0.025186
0.025186
0.025186
0.025186
0.025186
0.025180
0.024752
0.024655
0.024582
0.024582
0.024577
0.024577
0.024554
0.024554
0.024545
0.024544
0.024544
0.024544
0.024544
0.024544
0.024544
0.024304
0.024304
0.024304
0.024304
0.024294
0.024294
0.024244
0.024244
0.024243
0.024243
0.024243
0.024243
0.024243
0.024243
0.024243
0.024243
0.024243
0.024212
0.024212
0.024212
0.024212
0.024212
0.024212
0.024162
0.024088
0.024088
0.023922
0.023922
0.023922
0.023919
0.023919
0.023919
0.023919
0.023919
0.023869
0.023869
0.023869
0.023869
0.023869
0.023869
0.023868
0.023868
0.023868
0.023868
0.023868
0.023868
0.023868
0.023868
0.023810
0.023800
0.023800
0.023799
0.023799
0.023799
0.023799
0.023799
0.023799
0.023799
0.023799
0.023799
0.023798
0.023798
0.023798
0.023798
0.023798
0.023798
0.023786
0.023786
0.023786
0.023642
0.023642
0.023642
0.023642
0.023642
0.023642
0.023642
0.023642
0.023592
0.023592
0.023592
0.023592
0.023592
0.023592
0.023592
0.023592
0.023592
0.023592
0.023592
0.023592
0.023434
0.023434
0.023434
0.023434
0.023434
0.023434
0.023434
0.023434
0.023434
0.023434
0.023434
0.023434
0.023434
0.023434
0.023434
0.023434
0.023434
0.023434
0.023434
0.023434
0.023434
0.023429
0.023429
0.023429
0.023429
0.023429
0.023429
0.023429
0.023429
0.023429
0.023429
0.023429
0.023429
0.023429
0.023429
0.023429
0.023429
0.023429
0.023429
0.023429
0.023429
0.023429
0.023429
0.023428
0.023413
0.023413
0.023413
0.023413
0.023413
0.023413
0.023413
0.023413
0.023413
0.023413
0.023413
0.023413
0.023413
0.023413
0.023398
0.023398
0.023398
0.023378
0.023378
0.023378
0.023378
0.023371
0.023371
0.023371
0.023371
0.023371
0.023371
0.023369
0.023369
0.023369
0.023369
0.023369
0.023369
0.023369
0.023352
0.023352
0.023352
0.023352
0.023219
0.023219
0.023219
0.023219
0.023219
0.023219
0.023181
0.023179
0.023179
0.023179
0.023179
0.023179
0.023179
0.023179
0.023176
0.023176
0.023176
0.023176
0.023176
0.023176
0.023176
0.023176
0.023176
0.023176
0.023176
0.023176
0.023176
0.023176
0.023176
0.023176
0.023176
0.023176
0.023176
0.023145
0.023145
0.023145
0.023145
0.023145
0.023145
0.023134
0.023131
0.023121
0.023121
0.023121
0.023121
0.023112
0.023112
0.023112
0.023112
0.023112
0.023112
0.023112
0.023112
0.023112
0.023112
0.023112
0.023112
0.023112
0.023112
0.023100
0.023100
0.023100
0.023053
0.023038
0.023038
0.023038
0.023038
0.023038
0.023038
0.023038
0.023038
0.023038
0.023038
0.023038
0.023038
0.023038
0.023038
0.023038
0.023038
0.023038
0.023038
0.023038
0.023018
0.023018
0.023018
0.023016
0.023016
0.023016
0.023016
0.023016
0.023016
0.023015
0.023015
0.023015
0.023015
0.023015
0.023015
0.023000
0.023000
0.023000
0.023000
0.023000
0.023000
0.023000
0.023000
0.023000
0.023000
0.023000
0.023000
0.023000
0.023000
0.023000
0.023000
0.023000
0.023000
0.023000
0.023000
0.022999
0.022999
0.022999
0.022999
0.022999
0.022999
0.022999
0.022963
0.022963
0.022963
0.022950
0.022950
0.022950
0.022943
0.022943
0.022943
0.022943
0.022943
0.022943
0.022943
0.022939
0.022939
0.022939
0.022936
0.022936
0.022936
0.022921
0.022921
0.022921
0.022898
0.022898
0.022898
0.022898
0.022896
0.022896
0.022896
0.022896
0.022894
0.022859
0.022858
0.022858
0.022858
0.022858
0.022858
0.022858
0.022858
0.022858
0.022849
0.022849
0.022849
0.022849
0.022847
0.022847
0.022847
0.022847
0.022847
0.022847
0.022847
0.022847
0.022847
0.022847
0.022847
0.022847
0.022847
0.022847
0.022847
0.022847
0.022847
0.022844
0.022844
0.022844
0.022844
0.022844
0.022837
0.022837
0.022837
0.022837
0.022837
0.022833
0.022833
0.022826
0.022826
0.022826
0.022826
0.022826
0.022826
0.022826
0.022826
0.022826
0.022826
0.022826
0.022826
0.022826
0.022826
0.022826
0.022826
0.022826
0.022826
0.022826
0.022826
0.022825
0.022825
0.022825
0.022825
0.022825
0.022825
0.022825
0.022825
0.022815
0.022815
0.022815
0.022815
0.022815
0.022815
0.022815
0.022815
0.022815
0.022815
0.022815
0.022815
0.022815
0.022815
0.022815
0.022815
0.022815
0.022815
0.022815
0.022815
0.022815
0.022815
0.022815
0.022815
0.022815
0.022815
0.022815
0.022815
0.022815
0.022815
0.022815
0.022815
0.022815
0.022815
0.022815
0.022815
0.022815
0.022814
0.022814
0.022814
0.022814
0.022814
0.022780
0.022778
0.022778
0.022778
0.022778
0.022778
0.022778
0.022778
0.022778
0.022778
0.022778
0.022778
0.022778
0.022778
0.022778
0.022778
0.022778
0.022776
0.022776
0.022776
0.022776
0.022776
0.022776
0.022768
0.022768
0.022768
0.022768
0.022768
0.022768
0.022768
0.022717
0.022717
0.022717
0.022717
0.022717
0.022713
0.022713
0.022713
0.022713
0.022713
0.022713
0.022713
0.022713
0.022713
0.022713
0.022706
0.022706
0.022706
0.022706
0.022706
0.022706
0.022706
0.022706
0.022706
0.022706
0.022706
0.022706
0.022706
0.022706
0.022686
0.022686
0.022686
0.022686
0.022686
0.022680
0.022680
0.022680
0.022680
0.022680
0.022680
0.022680
0.022635
0.022635
0.022625
0.022625
0.022625
0.022625
0.022625
0.022625
0.022582
0.022582
0.022582
0.022530
0.022530
0.022527
0.022527
0.022527
0.022527
0.022527
0.022527
0.022527
0.022527
0.022527
0.022527
0.022527
0.022527
0.022527
0.022522
0.022522
0.022522
0.022522
0.022358
0.022358
0.022358
0.022358
0.022358
0.022358
0.022358
0.022358
0.022357
0.022342
0.022342
0.022342
0.022342
0.022342
0.022342
0.022342
0.022342
0.022336
0.022336
0.022336
0.022336
0.022336
0.022336
0.022336
0.022336
0.022279
0.022279
0.022279
0.022279
0.022279
0.022279
0.022279
0.022279
0.022279
0.022279
0.022279
0.022279
0.022279
0.022279
0.022279
0.022279
0.022279
0.022279
0.022279
0.022279
0.022279
0.022279
0.022279
0.022279
0.022274
0.022274
0.022274
0.022274
0.022274
0.022273
0.022261
0.022261
0.022261
0.022261
0.022261
0.022261
0.022261
0.022261
0.022261
0.022261
0.022261
0.022261
0.022261
0.022261
0.022257
0.022257
0.022257
0.022256
0.022256
0.022250
0.022243
0.022243
0.022227
0.022197
0.022197
0.022197
0.022197
0.022197
0.022197
0.022197
0.022197
0.022197
0.022197
0.022197
0.022197
0.022185
0.022185
0.022185
0.022185
0.022185
0.022185
0.022185
0.022185
0.022185
0.022185
0.022185
0.022185
0.022185
0.022185
0.022185
0.022183
0.022183
0.022183
0.022182
0.022182
0.022182
0.022182
0.022182
0.022182
0.022182
0.022180
0.022180
0.022167
0.022166
0.022166
0.022163
0.022078
0.022078
0.022078
0.022078
0.022078
0.022078
0.022068
0.022068
0.022068
0.022068
0.021991
0.021801
0.021801
0.021801
0.021801
0.021544
0.021544
0.021544
0.021544
0.021544
0.021544
0.020461
0.020419
0.020176
0.020176
0.020176
0.020176
0.020176
0.020159
0.020159
0.020159
0.020159
0.020159
0.020159
0.020157
0.020153
0.020153
0.020153
0.020153
0.020153
0.020153
0.020153
0.020153
0.020153
0.020153
0.020153
0.020153
0.020153
0.020153
0.020153
0.020150
0.020150
0.020150
0.020150
0.020150
0.020150
0.020150
0.020150
0.020147
0.020147
0.020147
0.020147
0.020147
0.020147
0.020147
0.020147
0.020147
0.020143
0.020143
0.020143
0.020133
0.020133
0.020133
0.020133
0.020133
0.020133
0.020133
0.020133
0.020133
0.020133
0.020133
0.020133
0.020133
0.020133
0.020133
0.020133
0.020121
0.020120
0.020120
0.020120
0.020120
0.020120
0.020120
0.020120
0.020120
0.020120
0.020120
0.020120
0.020112
0.020112
0.020112
0.020112
0.020112
0.020112
0.020112
0.020112
0.020112
0.020112
0.020104
0.020104
0.020104
0.020104
0.020104
0.020104
0.020104
0.020104
0.020090
0.020090
0.020090
0.020090
0.020090
0.020090
0.020079
0.020079
0.020079
0.020079
0.020079
0.020079
0.020079
0.020079
0.020079
0.020079
0.020079
0.020069
0.020069
0.020069
0.020069
0.020000
0.020000
0.020000
0.020000
0.020000
0.020000
0.020000
0.020000
0.020000
0.020000
0.020000
0.020000
0.020000
0.020000
0.020000
0.020000
0.020000
0.020000
0.020000
0.020000
0.020000
0.020000
0.020000
0.020000
0.020000
0.020000
0.020000
0.020000
0.020000
0.020000
0.020000
0.020000
0.020000
0.020000
0.020000
0.020000
0.020000
0.019884
0.019884
0.019884
0.019884
0.019884
0.019884
0.019884
0.019884
0.019884
0.019884
0.019848
0.019848
0.019848
0.019836
0.019836
0.019835
0.019835
0.019835
0.019835
0.019835
0.019766
0.019766
0.019766
0.019732
0.019732
0.019715
0.019715
0.019715
0.019715
0.019713
0.019713
0.019713
0.019713
0.019713
0.019713
0.019713
0.019671
0.019671
0.019645
0.019594
0.019594
0.019594
0.019594
0.019594
0.019594
0.019594
0.019594
0.019594
0.019594
0.019594
0.019594
0.019594
0.019594
0.019573
0.019573
0.019573
0.019559
0.019539
0.019090
0.019090
0.019090
0.018854
0.018854
0.018854
0.018840
0.018809
0.018807
0.018807
0.018807
0.018807
0.018807
0.018693
0.018693
0.018693
0.018693
0.018692
0.018692
0.018690
0.018690
0.018690
0.018690
0.018690
0.018690
0.018690
0.018690
0.018690
0.018690
0.018690
0.018690
0.018690
0.018688
0.018688
0.018688
0.018688
0.018688
0.018688
0.018688
0.018686
0.018686
0.018680
0.018680
0.018673
0.018673
0.018673
0.018673
0.018673
0.018673
0.018673
0.018673
0.018638
0.018638
0.018638
0.018638
0.018637
0.018610
0.018610
0.018610
0.018610
0.018610
0.018610
0.018610
0.018610
0.018610
0.018610
0.018610
0.018610
0.018610
0.018610
0.018610
0.018610
0.018608
0.018608
0.018608
0.018608
0.018608
0.018608
0.018608
0.018608
0.018608
0.018608
0.018608
0.018608
0.018608
0.018607
0.018601
0.018600
0.018600
0.018600
0.018600
0.018600
0.018600
0.018600
0.018600
0.018600
0.018600
0.018600
0.018600
0.018600
0.018600
0.018600
0.018600
0.018600
0.018600
0.018600
0.018439
0.018439
0.018439
0.018439
0.018439
0.018439
0.018439
0.018439
0.018439
0.018405
0.018405
0.018405
0.018405
0.018405
0.018405
0.018405
0.018405
0.018405
0.018405
0.018405
0.018405
0.018404
0.018402
0.018402
0.018402
0.018402
0.018384
0.018384
0.018384
0.018384
0.018384
0.018384
0.018384
0.018384
0.018384
0.018384
0.018384
0.018384
0.018384
0.018384
0.018384
0.018384
0.018384
0.018384
0.018384
0.018384
0.018384
0.018384
0.018324
0.018324
0.018324
0.018323
0.018323
0.018323
0.018323
0.018281
0.018264
0.018264
0.018264
0.018206
0.018206
0.018206
0.018194
0.018194
0.018193
0.018193
0.018193
0.018193
0.018191
0.018191
0.018191
0.018129
0.018129
0.018129
0.018122
0.018122
0.018122
0.018122
0.018122
0.018122
0.018122
0.018122
0.018122
0.018122
0.018110
0.018109
0.018109
0.018072
0.018072
0.018072
0.018072
0.018072
0.018072
0.018072
0.018006
0.018006
0.018006
0.018006
0.018006
0.018006
0.018006
0.018006
0.017927
0.017927
0.017927
0.017927
0.017927
0.017927
0.017927
0.017927
0.017927
0.017917
0.017917
0.017792
0.017792
0.017792
0.017792
0.017791
0.017791
0.017791
0.017741
0.017741
0.017741
0.017741
0.017741
0.017741
0.017741
0.017741
0.017741
0.017741
0.017741
0.017741
0.017741
0.017727
0.017727
0.017713
0.017713
0.017713
0.017713
0.017713
0.017713
0.017713
0.017713
0.017712
0.017712
0.017712
0.017712
0.017707
0.017707
0.017707
0.017707
0.017707
0.017707
0.017705
0.017705
0.017705
0.017705
0.017705
0.017705
0.017705
0.017703
0.017703
0.017703
0.017702
0.017702
0.017697
0.017694
0.017694
0.017694
0.017694
0.017694
0.017694
0.017694
0.017694
0.017694
0.017694
0.017694
0.017694
0.017694
0.017694
0.017681
0.017681
0.017681
0.017681
0.017681
0.017681
0.017681
0.017681
0.017681
0.017681
0.017681
0.017681
0.017681
0.017681
0.017681
0.017681
0.017681
0.017681
0.017681
0.017681
0.017681
0.017681
0.017681
0.017652
0.017652
0.017652
0.017652
0.017652
0.017652
0.017652
0.017652
0.017652
0.017652
0.017652
0.017652
0.017650
0.017650
0.017650
0.017650
0.017650
0.017650
0.017650
0.017650
0.017650
0.017650
0.017650
0.017650
0.017650
0.017650
0.017650
0.017650
0.017650
0.017650
0.017650
0.017650
0.017650
0.017650
0.017649
0.017649
0.017649
0.017649
0.017649
0.017649
0.017649
0.017649
0.017649
0.017649
0.017649
0.017649
0.017649
0.017649
0.017649
0.017649
0.017649
0.017649
0.017649
0.017649
0.017649
0.017649
0.017649
0.017649
0.017649
0.017648
0.017648
0.017648
0.017648
0.017648
0.017648
0.017648
0.017648
0.017648
0.017648
0.017648
0.017648
0.017648
0.017648
0.017648
0.017648
0.017648
0.017648
0.017648
0.017641
0.017641
0.017641
0.017641
0.017641
0.017641
0.017641
0.017641
0.017641
0.017641
0.017641
0.017640
0.017640
0.017640
0.017640
0.017640
0.017640
0.017640
0.017636
0.017636
0.017623
0.017601
0.017601
0.017601
0.017601
0.017601
0.017596
0.017596
0.017596
0.017596
0.017596
0.017596
0.017596
0.017596
0.017594
0.017594
0.017594
0.017592
0.017590
0.017590
0.017590
0.017564
0.017564
0.017564
0.017551
0.017551
0.017551
0.017551
0.017551
0.017551
0.017551
0.017551
0.017551
0.017550
0.017433
0.017433
0.017433
0.017433
0.017433
0.017431
0.017431
0.017431
0.017431
0.017431
0.017431
0.017431
0.017431
0.017431
0.017431
0.017431
0.017431
0.017415
0.017415
0.017415
0.017415
0.017415
0.017415
0.017415
0.017415
0.017415
0.017415
0.017415
0.017415
0.017415
0.017415
0.017415
0.017412
0.017412
0.017412
0.017412
0.017412
0.017412
0.017412
0.017412
0.017412
0.017412
0.017412
0.017412
0.017403
0.017403
0.017402
0.017402
0.017402
0.017402
0.017402
0.017402
0.017402
0.017402
0.017393
0.017393
0.017393
0.017393
0.017393
0.017385
0.017383
0.017383
0.017383
0.017383
0.017383
0.017383
0.017383
0.017383
0.017383
0.017383
0.017370
0.017370
0.017370
0.017370
0.017370
0.017370
0.017369
0.017369
0.017369
0.017369
0.017369
0.017369
0.017369
0.017369
0.017368
0.017368
0.017366
0.017366
0.017366
0.017366
0.017365
0.017365
0.017365
0.017365
0.017365
0.017365
0.017365
0.017365
0.017365
0.017365
0.017365
0.017365
0.017365
0.017365
0.017365
0.017365
0.017365
0.017365
0.017354
0.017354
0.017354
0.017354
0.017354
0.017354
0.017354
0.017349
0.017349
0.017349
0.017349
0.017349
0.017349
0.017349
0.017349
0.017349
0.017332
0.017332
0.017332
0.017332
0.017332
0.017331
0.017331
0.017331
0.017331
0.017331
0.017331
0.017331
0.017328
0.017328
0.017323
0.017323
0.017323
0.017323
0.017316
0.017316
0.017285
0.017285
0.017285
0.017285
0.017285
0.017285
0.017285
0.017285
0.017285
0.017285
0.017285
0.017275
0.017275
0.017273
0.017273
0.017273
0.017273
0.017273
0.017273
0.017273
0.017273
0.017273
0.017273
0.017273
0.017273
0.017273
0.017273
0.017272
0.017272
0.017272
0.017272
0.017272
0.017263
0.017263
0.017263
0.017263
0.017263
0.017263
0.017258
0.017254
0.017254
0.017254
0.017254
0.017254
0.017254
0.017254
0.017254
0.017254
0.017254
0.017254
0.017254
0.017254
0.017254
0.017254
0.017254
0.017254
0.017254
0.017254
0.017254
0.017254
0.017254
0.017254
0.017254
0.017254
0.017254
0.017254
0.017254
0.017254
0.017254
0.017254
0.017250
0.017250
0.017250
0.017250
0.017250
0.017250
0.017250
0.017250
0.017250
0.017250
0.017250
0.017250
0.017250
0.017250
0.017250
0.017250
0.017250
0.017250
0.017250
0.017230
0.017224
0.017224
0.017224
0.017224
0.017224
0.017223
0.017223
0.017223
0.017223
0.017223
0.017223
0.017223
0.017223
0.017223
0.017223
0.017223
0.017223
0.017223
0.017223
0.017223
0.017205
0.017205
0.017205
0.017205
0.017205
0.017205
0.017205
0.017205
0.017205
0.017205
0.017153
0.017153
0.017153
0.017153
0.017153
0.017153
0.016980
0.016980
0.016979
0.016976
0.016976
0.016976
0.016976
0.016976
0.016976
0.016976
0.016976
0.016976
0.016976
0.016976
0.016976
0.016976
0.016976
0.016976
0.016976
0.016975
0.016975
0.016975
0.016975
0.016965
0.016965
0.016965
0.016965
0.016965
0.016965
0.016965
0.016965
0.016965
0.016965
0.016965
0.016965
0.016952
0.016952
0.016952
0.016952
0.016813
0.016812
0.016795
0.016795
0.016795
0.016795
0.016795
0.016795
0.016756
0.016756
0.016756
0.016756
0.016756
0.016756
0.016753
0.016753
0.016745
0.016745
0.016743
0.016743
0.016743
0.016743
0.016743
0.016739
0.016618
0.016618
0.016618
0.016618
0.016545
0.016545
0.016545
0.016545
0.016545
0.016545
0.016545
0.016545
0.016545
0.016545
0.016545
0.016545
0.016545
0.016545
0.016545
0.016545
0.016545
0.016545
0.016545
0.016545
0.016545
0.016545
0.016545
0.016545
0.016545
0.016539
0.016522
0.016522
0.016522
0.016522
0.016489
0.016474
0.016474
0.016474
0.016474
0.016474
0.016474
0.016473
0.016473
0.016471
0.016471
0.016469
0.016469
0.016469
0.016469
0.016469
0.016469
0.016469
0.016469
0.016469
0.016469
0.016469
0.016469
0.016469
0.016469
0.016469
0.016469
0.016469
0.016469
0.016469
0.016469
0.016445
0.016445
0.016445
0.016445
0.016445
0.016445
0.016445
0.016445
0.016445
0.016445
0.016445
0.016445
0.016445
0.016445
0.016445
0.016420
0.016420
0.016420
0.016420
0.016420
0.016420
0.016420
0.016420
0.016420
0.016420
0.016399
0.016399
0.016399
0.016386
0.016386
0.016386
0.016386
0.016386
0.016386
0.016386
0.016386
0.016386
0.016386
0.016386
0.016386
0.016386
0.016386
0.016386
0.016386
0.016386
0.016386
0.016386
0.016386
0.016386
0.016386
0.016385
0.016385
0.016385
0.016385
0.016385
0.016385
0.016385
0.016385
0.016274
0.016274
0.016274
0.016274
0.016274
0.016274
0.016274
0.016274
0.016271
0.016271
0.016271
0.016271
0.016271
0.016271
0.016271
0.016271
0.016271
0.016271
0.016271
0.016271
0.016269
0.016269
0.016269
0.016269
0.016269
0.016269
0.016269
0.016269
0.016269
0.016269
0.016269
0.016212
0.016212
0.016212
0.016212
0.016212
0.016212
0.016212
0.016212
0.016212
0.016212
0.016212
0.016212
0.016212
0.016212
0.016212
0.016212
0.016212
0.016212
0.016212
0.016212
0.016212
0.016168
0.016168
0.016124
0.016124
0.016123
0.016123
0.016123
0.016122
0.016122
0.016122
0.016122
0.016122
0.016122
0.016122
0.016122
0.016122
0.016122
0.016122
0.016122
0.016122
0.016122
0.016122
0.016122
0.016122
0.016122
0.016122
0.016122
0.016122
0.016122
0.016122
0.016122
0.016122
0.016122
0.016122
0.016122
0.016122
0.016122
0.016122
0.016122
0.016122
0.016122
0.016122
0.016122
0.016122
0.016122
0.016122
0.016122
0.016122
0.016122
0.016122
0.016122
0.016122
0.016122
0.016122
0.016122
0.016122
0.016122
0.016122
0.016120
0.016120
0.016120
0.016120
0.016120
0.016120
0.016120
0.016120
0.016120
0.016120
0.016120
0.016120
0.016001
0.016001
0.016001
0.016001
0.016001
0.016001
0.016001
0.016001
0.016001
0.016000
0.015997
0.015997
0.015997
0.015935
0.015935
0.015935
0.015935
0.015935
0.015935
0.015935
0.015934
0.015934
0.015934
0.015934
0.015934
0.015934
0.015934
0.015933
0.015933
0.015928
0.015928
0.015928
0.015928
0.015928
0.015928
0.015909
0.015909
0.015909
0.015909
0.015909
0.015909
0.015909
0.015909
0.015909
0.015909
0.015909
0.015909
0.015909
0.015909
0.015907
0.015907
0.015907
0.015896
0.015896
0.015896
0.015896
0.015896
0.015896
0.015896
0.015895
0.015886
0.015886
0.015886
0.015872
0.015872
0.015872
0.015872
0.015872
0.015872
0.015861
0.015861
0.015861
0.015861
0.015861
0.015861
0.015861
0.015861
0.015861
0.015861
0.015861
0.015861
0.015861
0.015851
0.015851
0.015851
0.015851
0.015851
0.015851
0.015851
0.015851
0.015851
0.015825
0.015825
0.015825
0.015825
0.015825
0.015825
0.015825
0.015825
0.015825
0.015825
0.015825
0.015825
0.015825
0.015824
0.015824
0.015824
0.015823
0.015823
0.015823
0.015823
0.015823
0.015819
0.015819
0.015819
0.015803
0.015797
0.015796
0.015796
0.015751
0.015751
0.015751
0.015751
0.015751
0.015751
0.015751
0.015751
0.015751
0.015751
0.015751
0.015751
0.015751
0.015718
0.015718
0.015718
0.015718
0.015718
0.015718
0.015718
0.015718
0.015718
0.015718
0.015718
0.015718
0.015718
0.015718
0.015718
0.015718
0.015718
0.015718
0.015718
0.015716
0.015716
0.015716
0.015716
0.015716
0.015716
0.015716
0.015716
0.015716
0.015716
0.015716
0.015716
0.015716
0.015716
0.015712
0.015712
0.015712
0.015712
0.015695
0.015695
0.015695
0.015695
0.015695
0.015695
0.015695
0.015695
0.015695
0.015695
0.015695
0.015695
0.015695
0.015695
0.015695
0.015695
0.015695
0.015695
0.015695
0.015695
0.015694
0.015694
0.015694
0.015694
0.015694
0.015694
0.015694
0.015694
0.015694
0.015694
0.015690
0.015690
0.015690
0.015690
0.015690
0.015690
0.015690
0.015690
0.015690
0.015690
0.015688
0.015688
0.015688
0.015688
0.015688
0.015688
0.015688
0.015688
0.015688
0.015688
0.015688
0.015687
0.015687
0.015687
0.015687
0.015687
0.015687
0.015687
0.015687
0.015687
0.015687
0.015687
0.015686
0.015686
0.015686
0.015686
0.015686
0.015686
0.015686
0.015686
0.015686
0.015686
0.015686
0.015686
0.015686
0.015686
0.015686
0.015686
0.015686
0.015686
0.015685
0.015685
0.015685
0.015681
0.015681
0.015681
0.015681
0.015681
0.015681
0.015681
0.015681
0.015681
0.015681
0.015681
0.015681
0.015681
0.015681
0.015681
0.015681
0.015681
0.015681
0.015681
0.015681
0.015681
0.015679
0.015679
0.015679
0.015679
0.015679
0.015679
0.015679
0.015679
0.015679
0.015679
0.015679
0.015679
0.015679
0.015679
0.015679
0.015679
0.015679
0.015679
0.015679
0.015679
0.015679
0.015679
0.015679
0.015679
0.015679
0.015679
0.015679
0.015679
0.015679
0.015679
0.015679
0.015679
0.015679
0.015679
0.015679
0.015679
0.015679
0.015679
0.015679
0.015679
0.015679
0.015679
0.015679
0.015679
0.015679
0.015679
0.015679
0.015679
0.015679
0.015679
0.015679
0.015679
0.015679
0.015679
0.015679
0.015679
0.015679
0.015679
0.015679
0.015679
0.015679
0.015679
0.015673
0.015673
0.015673
0.015673
0.015673
0.015673
0.015673
0.015673
0.015673
0.015673
0.015673
0.015673
0.015672
0.015672
0.015672
0.015672
0.015672
0.015672
0.015672
0.015672
0.015672
0.015671
0.015593
0.015593
0.015593
0.015593
0.015593
0.015593
0.015593
0.015593
0.015593
0.015593
0.015593
0.015593
0.015593
0.015593
0.015593
0.015593
0.015593
0.015593
0.015593
0.015593
0.015593
0.015593
0.015593
0.015593
0.015593
0.015593
0.015593
0.015593
0.015593
0.015593
0.015593
0.015593
0.015593
0.015593
0.015590
0.015590
0.015590
0.015590
0.015579
0.015579
0.015579
0.015579
0.015579
0.015579
0.015579
0.015579
0.015579
0.015579
0.015579
0.015579
0.015579
0.015579
0.015579
0.015568
0.015568
0.015568
0.015568
0.015568
0.015568
0.015568
0.015568
0.015568
0.015568
0.015568
0.015568
0.015568
0.015568
0.015568
0.015568
0.015568
0.015568
0.015568
0.015568
0.015568
0.015568
0.015568
0.015568
0.015568
0.015568
0.015568
0.015568
0.015568
0.015568
0.015568
0.015568
0.015568
0.015568
0.015568
0.015568
0.015568
0.015568
0.015568
0.015568
0.015568
0.015568
0.015568
0.015568
0.015568
0.015568
0.015567
0.015567
0.015567
0.015567
0.015567
0.015567
0.015567
0.015567
0.015567
0.015567
0.015566
0.015566
0.015566
0.015566
0.015566
0.015566
0.015566
0.015566
0.015566
0.015566
0.015566
0.015566
0.015566
0.015566
0.015566
0.015566
0.015566
0.015566
0.015566
0.015566
0.015566
0.015566
0.015566
0.015566
0.015566
0.015566
0.015566
0.015566
0.015566
0.015566
0.015566
0.015566
0.015566
0.015566
0.015566
0.015566
0.015566
0.015566
0.015566
0.015566
0.015566
0.015561
0.015561
0.015561
0.015561
0.015561
0.015561
0.015561
0.015561
0.015561
0.015561
0.015561
0.015561
0.015561
0.015561
0.015561
0.015561
0.015561
0.015560
0.015560
0.015560
0.015560
0.015560
0.015560
0.015560
0.015560
0.015557
0.015557
0.015557
0.015557
0.015557
0.015557
0.015557
0.015557
0.015557
0.015557
0.015557
0.015557
0.015557
0.015557
0.015557
0.015552
0.015552
0.015552
0.015552
0.015552
0.015552
0.015552
0.015552
0.015552
0.015552
0.015552
0.015551
0.015551
0.015551
0.015551
0.015551
0.015551
0.015551
0.015551
0.015551
0.015551
0.015551
0.015551
0.015551
0.015551
0.015551
0.015551
0.015551
0.015551
0.015551
0.015551
0.015551
0.015551
0.015551
0.015551
0.015551
0.015551
0.015551
0.015551
0.015551
0.015551
0.015551
0.015551
0.015551
0.015551
0.015551
0.015551
0.015551
0.015541
0.015541
0.015541
0.015541
0.015515
0.015515
0.015515
0.015511
0.015511
0.015511
0.015511
0.015511
0.015511
0.015511
0.015511
0.015511
0.015511
0.015511
0.015511
0.015496
0.015496
0.015496
0.015496
0.015496
0.015496
0.015496
0.015496
0.015496
0.015496
0.015496
0.015496
0.015496
0.015496
0.015496
0.015496
0.015496
0.015496
0.015496
0.015496
0.015496
0.015496
0.015496
0.015496
0.015496
0.015496
0.015496
0.015496
0.015496
0.015496
0.015489
0.015489
0.015472
0.015472
0.015472
0.015472
0.015457
0.015457
0.015457
0.015453
0.015453
0.015453
0.015453
0.015453
0.015453
0.015453
0.015453
0.015453
0.015453
0.015453
0.015453
0.015453
0.015453
0.015453
0.015453
0.015453
0.015453
0.015453
0.015453
0.015453
0.015453
0.015453
0.015453
0.015453
0.015453
0.015453
0.015453
0.015453
0.015453
0.015453
0.015453
0.015453
0.015453
0.015453
0.015453
0.015453
0.015453
0.015453
0.015453
0.015453
0.015453
0.015453
0.015453
0.015453
0.015453
0.015402
0.015402
0.015375
0.015375
0.015375
0.015358
0.015358
0.015358
0.015358
0.015358
0.015311
0.015311
0.015311
0.015298
0.015298
0.015298
0.015298
0.015298
0.015298
0.015223
0.015223
0.015223
0.015223
0.015223
0.015223
0.015223
0.015223
0.015223
0.015223
0.015223
0.015223
0.015223
0.015223
0.015223
0.015223
0.015223
0.015223
0.015223
0.015223
0.015223
0.015223
0.015223
0.015223
0.015223
0.015221
0.015221
0.015221
0.015221
0.015221
0.015221
0.015221
0.015220
0.015220
0.015220
0.015220
0.015220
0.015220
0.015220
0.015220
0.015220
0.015220
0.015220
0.015220
0.015220
0.015220
0.015220
0.015220
0.015220
0.015220
0.015220
0.015220
0.015220
0.015220
0.015220
0.015220
0.015220
0.015216
0.015216
0.015216
0.015216
0.015216
0.015209
0.015209
0.015209
0.015209
0.015209
0.015209
0.015209
0.015208
0.015208
0.015208
0.015208
0.015208
0.015208
0.015208
0.015208
0.015208
0.015208
0.015208
0.015208
0.015208
0.015208
0.015208
0.015208
0.015208
0.015208
0.015208
0.015208
0.015208
0.015208
0.015208
0.015208
0.015208
0.015208
0.015208
0.015208
0.015208
0.015208
0.015208
0.015208
0.015208
0.015208
0.015208
0.015208
0.015208
0.015208
0.015208
0.015208
0.015208
0.015194
0.015194
0.015194
0.015194
0.015194
0.015194
0.015194
0.015194
0.015194
0.015194
0.015194
0.015194
0.015194
0.015194
0.015194
0.015194
0.015194
0.015194
0.015194
0.015194
0.015194
0.015194
0.015194
0.015194
0.015194
0.015194
0.015194
0.015194
0.015194
0.015194
0.015194
0.015194
0.015194
0.015194
0.015194
0.015194
0.015194
0.015194
0.015194
0.015194
0.015194
0.015194
0.015194
0.015194
0.015194
0.015194
0.015194
0.015194
0.015194
0.015194
0.015194
0.015194
0.015194
0.015194
0.015194
0.015194
0.015194
0.015194
0.015194
0.015194
0.015194
0.015194
0.015194
0.015194
0.015194
0.015194
0.015194
0.015194
0.015194
0.015184
0.015184
0.015184
0.015184
0.015184
0.015184
0.015184
0.015184
0.015184
0.015184
0.015184
0.015184
0.015184
0.015184
0.015184
0.015184
0.015184
0.015184
0.015184
0.015184
0.015184
0.015184
0.015184
0.015184
0.015184
0.015184
0.015184
0.015184
0.015184
0.015184
0.015184
0.015184
0.015072
0.015072
0.015072
0.015072
0.015072
0.015071
0.015071
0.015071
0.015071
0.015071
0.015065
0.015065
0.015065
0.015065
0.015062
0.015062
0.015062
0.015054
0.015054
0.015054
0.015054
0.015054
0.015054
0.015054
0.015054
0.015054
0.015054
0.015054
0.015054
0.015054
0.015054
0.015054
0.015054
0.015054
0.015054
0.015054
0.015054
0.015054
0.015054
0.015054
0.015046
0.015046
0.015046
0.015046
0.015046
0.015046
0.015046
0.015034
0.015034
0.015034
0.015034
0.015034
0.015034
0.015034
0.015034
0.015034
0.015034
0.015034
0.015034
0.015034
0.015034
0.015034
0.015034
0.015034
0.015034
0.015034
0.015034
0.015034
0.015034
0.015034
0.015034
0.015034
0.015034
0.015034
0.015034
0.015034
0.015034
0.015034
0.015034
0.015034
0.015034
0.015034
0.015034
0.015034
0.015034
0.015034
0.015034
0.015034
0.015034
0.015034
0.015034
0.015034
0.015034
0.015034
0.015034
0.015034
0.015034
0.015034
0.015034
0.015034
0.015034
0.015033
0.015033
0.015033
0.015021
0.015021
0.015021
0.015021
0.015008
0.015008
0.015008
0.015008
0.015008
0.015008
0.015008
0.015008
0.015008
0.015006
0.015006
0.015006
0.015006
0.015006
0.015006
0.015006
0.015006
0.015006
0.015006
0.015006
0.015006
0.015006
0.015006
0.015006
0.015006
0.015006
0.015006
0.015006
0.015006
0.015006
0.015006
0.015006
0.015006
0.015006
0.015006
0.015006
0.015006
0.015006
0.014999
0.014999
0.014999
0.014999
0.014999
0.014999
0.014999
0.014999
0.014999
0.014999
0.014995
0.014995
0.014994
0.014994
0.014994
0.014994
0.014994
0.014994
0.014994
0.014994
0.014994
0.014994
0.014992
0.014992
0.014992
0.014992
0.014992
0.014992
0.014992
0.014992
0.014992
0.014992
0.014989
0.014989
0.014989
0.014989
0.014989
0.014989
0.014989
0.014989
0.014989
0.014989
0.014989
0.014989
0.014989
0.014989
0.014989
0.014980
0.014980
0.014980
0.014980
0.014980
0.014980
0.014980
0.014980
0.014980
0.014980
0.014980
0.014971
0.014971
0.014971
0.014971
0.014971
0.014971
0.014969
0.014969
0.014969
0.014969
0.014969
0.014969
0.014969
0.014969
0.014969
0.014969
0.014969
0.014969
0.014969
0.014969
0.014969
0.014969
0.014969
0.014969
0.014969
0.014969
0.014969
0.014969
0.014969
0.014969
0.014969
0.014969
0.014969
0.014969
0.014969
0.014969
0.014969
0.014969
0.014969
0.014969
0.014969
0.014969
0.014965
0.014965
0.014965
0.014965
0.014965
0.014965
0.014965
0.014965
0.014965
0.014965
0.014965
0.014965
0.014965
0.014965
0.014965
0.014965
0.014965
0.014965
0.014965
0.014965
0.014965
0.014965
0.014965
0.014965
0.014954
0.014954
0.014954
0.014954
0.014954
0.014954
0.014954
0.014954
0.014953
0.014953
0.014953
0.014953
0.014949
0.014949
0.014949
0.014949
0.014949
0.014949
0.014949
0.014949
0.014949
0.014949
0.014949
0.014949
0.014949
0.014948
0.014948
0.014948
0.014948
0.014948
0.014948
0.014948
0.014948
0.014948
0.014948
0.014948
0.014948
0.014948
0.014948
0.014948
0.014948
0.014948
0.014948
0.014948
0.014948
0.014948
0.014948
0.014948
0.014948
0.014948
0.014948
0.014948
0.014913
0.014913
0.014913
0.014913
0.014912
0.014912
0.014912
0.014912
0.014912
0.014912
0.014912
0.014912
0.014911
0.014895
0.014894
0.014894
0.014894
0.014894
0.014894
0.014894
0.014894
0.014894
0.014894
0.014894
0.014894
0.014893
0.014893
0.014893
0.014893
0.014893
0.014893
0.014893
0.014893
0.014893
0.014892
0.014892
0.014892
0.014892
0.014892
0.014892
0.014892
0.014892
0.014892
0.014892
0.014892
0.014892
0.014892
0.014892
0.014892
0.014892
0.014892
0.014892
0.014892
0.014892
0.014892
0.014892
0.014892
0.014892
0.014892
0.014892
0.014892
0.014892
0.014892
0.014892
0.014892
0.014892
0.014892
0.014892
0.014892
0.014892
0.014892
0.014892
0.014892
0.014892
0.014892
0.014892
0.014892
0.014892
0.014892
0.014892
0.014892
0.014890
0.014890
0.014890
0.014890
0.014890
0.014890
0.014872
0.014872
0.014872
0.014872
0.014872
0.014872
0.014869
0.014869
0.014869
0.014869
0.014869
0.014869
0.014869
0.014868
0.014868
0.014868
0.014868
0.014868
0.014868
0.014868
0.014868
0.014868
0.014868
0.014868
0.014868
0.014868
0.014868
0.014863
0.014863
0.014863
0.014863
0.014863
0.014863
0.014863
0.014863
0.014863
0.014863
0.014863
0.014863
0.014863
0.014863
0.014863
0.014863
0.014863
0.014863
0.014863
0.014863
0.014863
0.014863
0.014863
0.014863
0.014863
0.014863
0.014863
0.014863
0.014863
0.014863
0.014863
0.014863
0.014863
0.014863
0.014863
0.014862
0.014862
0.014862
0.014862
0.014862
0.014862
0.014862
0.014862
0.014862
0.014858
0.014858
0.014841
0.014841
0.014841
0.014841
0.014841
0.014841
0.014841
0.014841
0.014841
0.014841
0.014841
0.014841
0.014841
0.014841
0.014841
0.014841
0.014841
0.014841
0.014841
0.014841
0.014841
0.014841
0.014841
0.014841
0.014841
0.014841
0.014841
0.014841
0.014841
0.014841
0.014841
0.014841
0.014841
0.014841
0.014841
0.014841
0.014841
0.014841
0.014841
0.014841
0.014841
0.014841
0.014841
0.014841
0.014841
0.014841
0.014841
0.014841
0.014841
0.014841
0.014841
0.014841
0.014841
0.014841
0.014841
0.014841
0.014841
0.014841
0.014841
0.014841
0.014841
0.014841
0.014841
0.014841
0.014841
0.014841
0.014841
0.014841
0.014841
0.014841
0.014841
0.014841
0.014841
0.014841
0.014841
0.014840
0.014840
0.014840
0.014838
0.014838
0.014838
0.014838
0.014838
0.014838
0.014838
0.014838
0.014838
0.014838
0.014838
0.014838
0.014838
0.014838
0.014838
0.014838
0.014838
0.014838
0.014838
0.014838
0.014838
0.014838
0.014838
0.014838
0.014838
0.014838
0.014838
0.014838
0.014838
0.014838
0.014838
0.014838
0.014838
0.014836
0.014836
0.014832
0.014832
0.014832
0.014832
0.014832
0.014832
0.014832
0.014832
0.014832
0.014832
0.014832
0.014832
0.014832
0.014832
0.014832
0.014832
0.014832
0.014832
0.014832
0.014832
0.014832
0.014832
0.014832
0.014832
0.014832
0.014832
0.014832
0.014832
0.014832
0.014832
0.014832
0.014827
0.014827
0.014827
0.014827
0.014827
0.014827
0.014827
0.014827
0.014827
0.014815
0.014815
0.014815
0.014815
0.014815
0.014815
0.014815
0.014815
0.014799
0.014799
0.014799
0.014799
0.014799
0.014799
0.014799
0.014799
0.014799
0.014799
0.014799
0.014799
0.014799
0.014799
0.014799
0.014799
0.014799
0.014799
0.014799
0.014799
0.014799
0.014799
0.014799
0.014799
0.014799
0.014799
0.014799
0.014796
0.014795
0.014795
0.014795
0.014784
0.014784
0.014777
0.014777
0.014777
0.014777
0.014777
0.014777
0.014777
0.014777
0.014777
0.014777
0.014777
0.014777
0.014777
0.014777
0.014777
0.014777
0.014777
0.014777
0.014777
0.014777
0.014776
0.014776
0.014776
0.014776
0.014776
0.014776
0.014776
0.014776
0.014776
0.014776
0.014776
0.014776
0.014776
0.014721
0.014721
0.014721
0.014721
0.014721
0.014721
0.014721
0.014721
0.014721
0.014721
0.014721
0.014721
0.014721
0.014721
0.014721
0.014721
0.014721
0.014721
0.014721
0.014721
0.014721
0.014721
0.014721
0.014721
0.014721
0.014721
0.014721
0.014721
0.014721
0.014721
0.014721
0.014717
0.014717
0.014717
0.014717
0.014717
0.014717
0.014717
0.014717
0.014717
0.014717
0.014717
0.014717
0.014717
0.014717
0.014717
0.014717
0.014717
0.014717
0.014716
0.014716
0.014715
0.014714
0.014714
0.014714
0.014714
0.014714
0.014714
0.014714
0.014714
0.014714
0.014714
0.014714
0.014714
0.014714
0.014714
0.014714
0.014714
0.014714
0.014714
0.014714
0.014714
0.014714
0.014714
0.014714
0.014714
0.014714
0.014714
0.014714
0.014714
0.014714
0.014714
0.014714
0.014714
0.014714
0.014714
0.014714
0.014714
0.014714
0.014714
0.014714
0.014714
0.014714
0.014714
0.014714
0.014714
0.014714
0.014714
0.014714
0.014714
0.014709
0.014709
0.014709
0.014709
0.014709
0.014709
0.014709
0.014709
0.014709
0.014709
0.014709
0.014709
0.014709
0.014709
0.014709
0.014709
0.014709
0.014709
0.014709
0.014709
0.014709
0.014709
0.014709
0.014709
0.014709
0.014709
0.014709
0.014709
0.014709
0.014709
0.014709
0.014709
0.014709
0.014709
0.014709
0.014709
0.014709
0.014708
0.014708
0.014699
0.014699
0.014699
0.014699
0.014699
0.014699
0.014699
0.014699
0.014699
0.014699
0.014699
0.014699
0.014699
0.014699
0.014699
0.014699
0.014699
0.014699
0.014699
0.014699
0.014699
0.014699
0.014699
0.014699
0.014699
0.014699
0.014698
0.014698
0.014698
0.014698
0.014698
0.014698
0.014698
0.014696
0.014696
0.014696
0.014696
0.014696
0.014696
0.014696
0.014696
0.014696
0.014696
0.014696
0.014696
0.014696
0.014696
0.014696
0.014696
0.014696
0.014696
0.014696
0.014696
0.014696
0.014696
0.014696
0.014696
0.014696
0.014696
0.014696
0.014696
0.014696
0.014696
0.014696
0.014696
0.014696
0.014696
0.014696
0.014696
0.014696
0.014696
0.014696
0.014696
0.014696
0.014696
0.014696
0.014696
0.014696
0.014696
0.014696
0.014696
0.014696
0.014696
0.014696
0.014696
0.014696
0.014696
0.014696
0.014696
0.014696
0.014696
0.014696
0.014696
0.014696
0.014696
0.014687
0.014687
0.014687
0.014687
0.014687
0.014687
0.014687
0.014687
0.014687
0.014687
0.014687
0.014687
0.014687
0.014687
0.014687
0.014687
0.014687
0.014687
0.014687
0.014687
0.014687
0.014687
0.014687
0.014687
0.014687
0.014687
0.014687
0.014684
0.014684
